4505,1,1221,183,1458,510
4506,1,1221,183,1458,510
4507,1,1203,183,1440,519
4508,1,1203,183,1440,519
4509,1,1185,183,1425,510
4510,1,1185,183,1425,510
4511,1,1152,192,1410,501
4512,1,1152,192,1410,501
4513,1,1131,180,1395,504
4514,1,1131,180,1395,504
4515,1,1122,189,1371,507
4516,1,1122,189,1371,507
4517,1,1086,183,1350,510
4518,1,1086,183,1350,510
4519,1,1080,198,1335,504
4520,1,1080,198,1335,504
4521,1,1056,189,1320,516
4522,1,1056,189,1320,516
4523,1,1041,198,1299,525
4524,1,1041,198,1299,525
4525,1,1026,189,1290,525
4526,1,1026,189,1290,525
4527,1,1026,189,1278,549
4528,1,1026,189,1278,549
4529,1,1008,177,1269,531
4530,1,1008,177,1269,531
4531,1,1002,180,1260,534
4532,1,1002,180,1260,534
4533,1,1014,213,1257,537
4534,1,1014,213,1257,537
4535,1,990,192,1254,537
4536,1,990,192,1254,537
4537,1,981,195,1239,546
4538,1,981,195,1239,546
4539,1,972,207,1236,537
4540,1,972,207,1236,537
4541,1,951,213,1266,543
4542,1,951,213,1266,543
4543,1,936,207,1224,549
4544,1,936,207,1224,549
4545,1,945,228,1209,555
4546,1,945,228,1209,555
4547,1,942,219,1197,561
4548,1,942,219,1197,561
4549,1,924,207,1185,567
4550,1,924,207,1185,567
4551,1,933,192,1191,552
4552,1,933,192,1191,552
4553,1,912,204,1188,552
4554,1,912,204,1188,552
4555,1,915,207,1179,549
4556,1,915,207,1179,549
4557,1,900,210,1167,546
4558,1,900,210,1167,546
4559,1,891,201,1152,561
4560,1,891,201,1152,561
4561,1,882,198,1119,564
4562,1,882,198,1119,564
4563,1,861,198,1104,549
4564,1,861,198,1104,549
4565,1,840,198,1071,555
4566,1,840,198,1071,555
4567,1,828,195,1056,540
4568,1,828,195,1056,540
4569,1,813,183,1026,534
4570,1,813,183,1026,534
4571,1,804,204,1005,498
4572,1,804,204,1005,498
4573,1,804,204,1005,498
4574,1,804,204,1005,498
4575,1,816,159,1032,525
4576,1,816,159,1032,525
4577,1,786,171,1041,507
4578,1,786,171,1041,507
4579,1,783,162,1041,525
4580,1,783,162,1041,525
4581,1,774,285,1059,516
4582,1,774,285,1059,516
4583,1,768,252,993,519
4584,1,768,252,993,519
4585,1,750,333,981,525
4586,1,750,333,981,525
4587,1,744,351,954,537
4588,1,744,351,954,537
4589,1,744,351,954,537
4590,1,744,351,954,537
4591,1,729,318,954,555
4592,1,729,318,954,555
4593,1,765,198,1077,555
4594,1,765,198,1077,555
4595,1,765,198,1077,555
4596,1,765,198,1077,555
4597,1,765,198,1077,555
4598,1,765,198,1077,555
4599,1,765,198,1077,555
4600,1,765,198,1077,555
4601,1,765,198,1077,555
4602,1,765,198,1077,555
4603,1,765,198,1077,555
4604,1,765,198,1077,555
4605,1,765,198,1077,555
4606,1,765,198,1077,555
4607,5,1356,207,1581,480
4607,1,765,198,1077,555
4608,1,765,198,1077,555
4608,5,1356,207,1581,480
4609,5,1356,204,1578,480
4609,1,837,180,1032,456
4610,1,837,180,1032,456
4610,5,1356,204,1578,480
4611,5,1356,204,1581,477
4611,1,837,180,1032,456
4612,5,1356,204,1581,477
4612,1,837,180,1032,456
4613,1,837,180,1032,456
4613,5,1356,207,1581,477
4614,5,1356,207,1581,477
4614,1,837,180,1032,456
4615,5,1359,207,1581,480
4615,1,837,180,1032,456
4616,5,1359,207,1581,480
4616,1,837,180,1032,456
4617,1,837,180,1032,456
4617,5,1359,207,1581,477
4618,1,837,180,1032,456
4618,5,1359,207,1581,477
4619,1,837,180,1032,456
4619,5,1356,204,1581,480
4620,1,837,180,1032,456
4620,5,1356,204,1581,480
4621,5,1356,204,1581,477
4621,1,837,180,1032,456
4622,5,1356,204,1581,477
4622,1,837,180,1032,456
4623,1,837,180,1032,456
4623,5,1353,207,1581,477
4624,1,837,180,1032,456
4624,5,1353,207,1581,477
4625,1,837,180,1032,456
4625,5,1356,207,1581,477
4626,5,1356,207,1581,477
4626,1,837,180,1032,456
4627,1,837,180,1032,456
4627,5,1353,204,1581,477
4628,1,837,180,1032,456
4628,5,1353,204,1581,477
4629,1,843,189,1035,447
4629,5,1356,207,1581,480
4630,5,1356,207,1581,480
4630,1,843,189,1035,447
4631,1,846,189,1044,489
4631,5,1356,207,1581,480
4632,5,1356,207,1581,480
4632,1,846,189,1044,489
4633,5,1356,207,1581,480
4633,1,825,180,1035,531
4634,5,1356,207,1581,480
4634,1,825,180,1035,531
4635,1,825,189,1044,507
4635,5,1356,207,1581,477
4636,5,1356,207,1581,477
4636,1,825,189,1044,507
4637,1,837,174,1041,519
4637,5,1356,204,1581,480
4638,1,837,174,1041,519
4638,5,1356,204,1581,480
4639,1,852,171,1044,522
4639,5,1356,207,1581,477
4640,1,852,171,1044,522
4640,5,1356,207,1581,477
4641,1,852,171,1044,522
4641,5,1356,207,1581,477
4642,1,852,171,1044,522
4642,5,1356,207,1581,477
4643,1,852,171,1044,522
4643,5,1359,207,1581,477
4644,5,1359,207,1581,477
4644,1,852,171,1044,522
4645,5,1356,207,1581,480
4645,1,852,177,1041,519
4646,1,852,177,1041,519
4646,5,1356,207,1581,480
4647,1,846,183,1041,519
4647,5,1356,207,1581,480
4648,5,1356,207,1581,480
4648,1,846,183,1041,519
4649,1,852,180,1041,522
4649,5,1356,207,1581,480
4650,5,1356,207,1581,480
4650,1,852,180,1041,522
4651,1,843,183,1038,507
4651,5,1353,207,1581,480
4652,5,1353,207,1581,480
4652,1,843,183,1038,507
4653,1,852,177,1044,519
4653,5,1356,207,1584,480
4654,5,1356,207,1584,480
4654,1,852,177,1044,519
4655,1,852,177,1044,519
4655,5,1356,207,1584,480
4656,1,852,177,1044,519
4656,5,1356,207,1584,480
4657,5,1356,207,1581,477
4657,1,843,183,1044,516
4658,1,843,183,1044,516
4658,5,1356,207,1581,477
4659,5,1359,207,1581,480
4659,1,819,177,1035,522
4660,5,1359,207,1581,480
4660,1,819,177,1035,522
4661,1,831,180,1041,522
4661,5,1356,207,1581,477
4662,1,831,180,1041,522
4662,5,1356,207,1581,477
4663,1,828,180,1041,525
4663,5,1359,207,1581,477
4664,5,1359,207,1581,477
4664,1,828,180,1041,525
4665,1,831,171,1038,528
4665,5,1356,207,1581,477
4666,5,1356,207,1581,477
4666,1,831,171,1038,528
4667,1,828,174,1035,528
4667,5,1356,204,1581,480
4668,5,1356,204,1581,480
4668,1,828,174,1035,528
4669,5,1359,204,1581,480
4669,1,825,177,1041,525
4670,1,825,177,1041,525
4670,5,1359,204,1581,480
4671,5,1356,207,1581,480
4671,1,822,174,1041,519
4672,5,1356,207,1581,480
4672,1,822,174,1041,519
4673,5,1359,204,1581,480
4673,1,819,177,1041,522
4674,1,819,177,1041,522
4674,5,1359,204,1581,480
4675,5,1353,207,1581,480
4675,1,822,177,1041,522
4676,5,1353,207,1581,480
4676,1,822,177,1041,522
4677,1,822,177,1038,519
4677,5,1356,207,1581,477
4678,5,1356,207,1581,477
4678,1,822,177,1038,519
4679,1,831,177,1041,522
4679,5,1356,207,1581,480
4680,1,831,177,1041,522
4680,5,1356,207,1581,480
4681,5,1356,204,1581,480
4681,1,834,171,1041,525
4682,1,834,171,1041,525
4682,5,1356,204,1581,480
4683,1,828,180,1041,522
4683,5,1353,204,1581,480
4684,1,828,180,1041,522
4684,5,1353,204,1581,480
4685,5,1353,207,1581,483
4685,1,828,174,1038,525
4686,1,828,174,1038,525
4686,5,1353,207,1581,483
4687,5,1356,204,1581,480
4687,1,828,171,1038,525
4688,1,828,171,1038,525
4688,5,1356,204,1581,480
4689,1,834,177,1038,525
4689,5,1356,207,1581,480
4690,5,1356,207,1581,480
4690,1,834,177,1038,525
4691,1,825,177,1041,522
4691,5,1359,204,1581,483
4692,1,825,177,1041,522
4692,5,1359,204,1581,483
4693,5,1359,207,1581,480
4693,1,822,171,1035,519
4694,1,822,171,1035,519
4694,5,1359,207,1581,480
4695,5,1356,204,1581,480
4695,1,831,171,1038,525
4696,5,1356,204,1581,480
4696,1,831,171,1038,525
4697,5,1356,204,1581,480
4697,1,834,177,1041,522
4698,5,1356,204,1581,480
4698,1,834,177,1041,522
4699,5,1356,207,1581,480
4699,1,834,177,1041,522
4700,1,834,177,1041,522
4700,5,1356,207,1581,480
4701,1,822,177,1041,522
4701,5,1359,207,1581,480
4702,1,822,177,1041,522
4702,5,1359,207,1581,480
4703,5,1362,207,1581,483
4703,1,816,183,1041,519
4704,5,1362,207,1581,483
4704,1,816,183,1041,519
4705,1,819,186,1041,522
4705,5,1359,207,1581,480
4706,1,819,186,1041,522
4706,5,1359,207,1581,480
4707,5,1359,204,1581,483
4707,1,825,180,1044,525
4708,1,825,180,1044,525
4708,5,1359,204,1581,483
4709,1,816,180,1041,525
4709,5,1359,207,1581,480
4710,5,1359,207,1581,480
4710,1,816,180,1041,525
4711,1,831,174,1041,522
4711,5,1356,207,1581,480
4712,1,831,174,1041,522
4712,5,1356,207,1581,480
4713,1,831,180,1041,519
4713,5,1356,204,1581,480
4714,1,831,180,1041,519
4714,5,1356,204,1581,480
4715,5,1356,204,1581,483
4715,1,822,177,1038,516
4716,5,1356,204,1581,483
4716,1,822,177,1038,516
4717,1,831,180,1041,519
4717,5,1359,204,1581,483
4718,5,1359,204,1581,483
4718,1,831,180,1041,519
4719,1,834,180,1044,522
4719,5,1362,207,1581,483
4720,5,1362,207,1581,483
4720,1,834,180,1044,522
4721,1,837,177,1044,522
4721,5,1359,207,1581,477
4722,1,837,177,1044,522
4722,5,1359,207,1581,477
4723,1,831,183,1041,522
4723,5,1356,204,1581,480
4724,1,831,183,1041,522
4724,5,1356,204,1581,480
4725,1,831,180,1038,522
4725,5,1356,207,1581,480
4726,5,1356,207,1581,480
4726,1,831,180,1038,522
4727,1,822,177,1041,525
4727,5,1359,207,1581,480
4728,5,1359,207,1581,480
4728,1,822,177,1041,525
4729,1,834,177,1041,522
4729,5,1359,204,1581,480
4730,5,1359,204,1581,480
4730,1,834,177,1041,522
4731,1,831,174,1038,516
4731,5,1356,204,1581,477
4732,1,831,174,1038,516
4732,5,1356,204,1581,477
4733,5,1362,207,1578,480
4733,1,822,174,1038,516
4734,5,1362,207,1578,480
4734,1,822,174,1038,516
4735,1,837,180,1041,516
4735,5,1356,204,1581,480
4736,5,1356,204,1581,480
4736,1,837,180,1041,516
4737,5,1356,204,1581,477
4737,1,831,177,1041,522
4738,1,831,177,1041,522
4738,5,1356,204,1581,477
4739,1,825,177,1038,522
4739,5,1359,207,1581,480
4740,1,825,177,1038,522
4740,5,1359,207,1581,480
4741,1,828,171,1041,525
4741,5,1362,207,1581,480
4742,1,828,171,1041,525
4742,5,1362,207,1581,480
4743,1,828,177,1038,525
4743,5,1353,207,1581,477
4744,1,828,177,1038,525
4744,5,1353,207,1581,477
4745,5,1356,207,1581,480
4745,1,825,174,1038,522
4746,5,1356,207,1581,480
4746,1,825,174,1038,522
4747,5,1359,207,1581,480
4747,1,831,174,1038,525
4748,5,1359,207,1581,480
4748,1,831,174,1038,525
4749,1,828,174,1035,522
4749,5,1356,207,1581,483
4750,1,828,174,1035,522
4750,5,1356,207,1581,483
4751,5,1359,207,1581,483
4751,1,828,177,1041,522
4752,1,828,177,1041,522
4752,5,1359,207,1581,483
4753,1,828,180,1041,522
4753,5,1359,207,1581,483
4754,5,1359,207,1581,483
4754,1,828,180,1041,522
4755,5,1362,207,1581,483
4755,1,831,177,1041,522
4756,1,831,177,1041,522
4756,5,1362,207,1581,483
4757,1,828,177,1041,522
4757,5,1362,207,1581,483
4758,1,828,177,1041,522
4758,5,1362,207,1581,483
4759,5,1359,204,1581,483
4759,1,810,174,1041,522
4760,5,1359,204,1581,483
4760,1,810,174,1041,522
4761,1,807,174,1038,525
4761,5,1359,201,1587,483
4762,1,807,174,1038,525
4762,5,1359,201,1587,483
4763,1,822,174,1041,528
4763,5,1362,201,1584,483
4764,5,1362,201,1584,483
4764,1,822,174,1041,528
4765,1,813,174,1041,525
4765,5,1356,204,1578,483
4766,5,1356,204,1578,483
4766,1,813,174,1041,525
4767,5,1359,204,1581,489
4767,1,813,174,1041,522
4768,1,813,174,1041,522
4768,5,1359,204,1581,489
4769,5,1359,204,1581,483
4769,1,813,174,1038,525
4770,1,813,174,1038,525
4770,5,1359,204,1581,483
4771,5,1356,207,1581,480
4771,1,813,174,1041,525
4772,5,1356,207,1581,480
4772,1,813,174,1041,525
4773,5,1356,207,1575,471
4773,1,828,180,1041,525
4774,1,828,180,1041,525
4774,5,1356,207,1575,471
4775,5,1356,207,1572,450
4775,1,816,183,1041,525
4776,1,816,183,1041,525
4776,5,1356,207,1572,450
4777,1,816,183,1038,522
4777,5,1356,210,1575,441
4778,5,1356,210,1575,441
4778,1,816,183,1038,522
4779,1,819,183,1041,522
4779,5,1353,213,1575,447
4780,5,1353,213,1575,447
4780,1,819,183,1041,522
4781,5,1359,207,1569,453
4781,1,822,183,1041,519
4782,1,822,183,1041,519
4782,5,1359,207,1569,453
4783,1,825,174,1038,519
4783,5,1353,207,1575,444
4784,5,1353,207,1575,444
4784,1,825,174,1038,519
4785,1,831,171,1038,522
4785,5,1359,207,1575,444
4786,1,831,171,1038,522
4786,5,1359,207,1575,444
4787,1,825,171,1035,516
4787,5,1365,204,1578,471
4788,1,825,171,1035,516
4788,5,1365,204,1578,471
4789,5,1356,204,1575,456
4789,1,822,174,1038,516
4790,5,1356,204,1575,456
4790,1,822,174,1038,516
4791,1,834,171,1038,522
4791,5,1347,207,1581,435
4792,1,834,171,1038,522
4792,5,1347,207,1581,435
4793,1,837,177,1038,522
4793,5,1347,204,1578,447
4794,5,1347,204,1578,447
4794,1,837,177,1038,522
4795,1,831,174,1038,525
4795,5,1353,207,1578,438
4796,1,831,174,1038,525
4796,5,1353,207,1578,438
4797,1,834,177,1038,522
4797,5,1362,213,1581,459
4798,1,834,177,1038,522
4798,5,1362,213,1581,459
4799,1,831,171,1038,525
4799,5,1365,210,1575,453
4800,1,831,171,1038,525
4800,5,1365,210,1575,453
4801,5,1359,213,1578,453
4801,1,828,174,1038,525
4802,5,1359,213,1578,453
4802,1,828,174,1038,525
4803,5,1368,207,1587,441
4803,1,831,174,1038,525
4804,5,1368,207,1587,441
4804,1,831,174,1038,525
4805,5,1359,201,1587,459
4805,1,813,168,1041,516
4806,5,1359,201,1587,459
4806,1,813,168,1041,516
4807,1,801,177,1041,531
4807,5,1356,201,1608,468
4808,1,801,177,1041,531
4808,5,1356,201,1608,468
4809,1,807,165,1035,519
4809,5,1356,204,1602,465
4810,1,807,165,1035,519
4810,5,1356,204,1602,465
4811,5,1359,204,1599,462
4811,1,822,174,1038,510
4812,1,822,174,1038,510
4812,5,1359,204,1599,462
4813,5,1365,204,1584,453
4813,1,813,174,1041,528
4814,5,1365,204,1584,453
4814,1,813,174,1041,528
4815,1,813,177,1041,525
4815,5,1371,207,1626,450
4816,1,813,177,1041,525
4816,5,1371,207,1626,450
4817,5,1359,207,1626,453
4817,1,816,183,1041,522
4818,1,816,183,1041,522
4818,5,1359,207,1626,453
4819,5,1362,207,1617,468
4819,1,819,186,1044,525
4820,1,819,186,1044,525
4820,5,1362,207,1617,468
4821,1,816,186,1041,525
4821,5,1371,204,1563,462
4822,1,816,186,1041,525
4822,5,1371,204,1563,462
4823,5,1368,204,1575,462
4823,1,816,186,1041,525
4824,5,1368,204,1575,462
4824,1,816,186,1041,525
4825,5,1368,207,1596,471
4825,1,807,177,1035,525
4826,1,807,177,1035,525
4826,5,1368,207,1596,471
4827,1,804,180,1038,522
4827,5,1368,207,1596,471
4828,1,804,180,1038,522
4828,5,1368,207,1596,471
4829,5,1368,207,1581,453
4829,1,798,183,1038,525
4830,5,1368,207,1581,453
4830,1,798,183,1038,525
4831,1,810,180,1035,525
4831,5,1374,201,1578,456
4832,1,810,180,1035,525
4832,5,1374,201,1578,456
4833,1,828,174,1038,522
4833,5,1371,207,1584,450
4834,1,828,174,1038,522
4834,5,1371,207,1584,450
4835,1,816,180,1038,522
4835,5,1365,207,1569,447
4836,5,1365,207,1569,447
4836,1,816,180,1038,522
4837,5,1365,207,1575,435
4837,1,819,183,1038,522
4838,1,819,183,1038,522
4838,5,1365,207,1575,435
4839,1,825,174,1038,522
4839,5,1353,207,1578,471
4840,1,825,174,1038,522
4840,5,1353,207,1578,471
4841,1,828,183,1041,522
4841,5,1353,204,1575,462
4842,1,828,183,1041,522
4842,5,1353,204,1575,462
4843,1,831,174,1041,522
4843,5,1341,201,1569,468
4844,1,831,174,1041,522
4844,5,1341,201,1569,468
4845,5,1350,204,1569,471
4845,1,825,177,1041,522
4846,5,1350,204,1569,471
4846,1,825,177,1041,522
4847,1,831,174,1038,522
4847,5,1344,204,1560,453
4848,1,831,174,1038,522
4848,5,1344,204,1560,453
4849,1,813,174,1038,522
4849,5,1332,198,1605,447
4850,1,813,174,1038,522
4850,5,1332,198,1605,447
4851,1,813,177,1038,522
4851,5,1323,204,1548,438
4852,1,813,177,1038,522
4852,5,1323,204,1548,438
4853,5,1320,207,1539,441
4853,1,813,171,1038,522
4854,5,1320,207,1539,441
4854,1,813,171,1038,522
4855,5,1314,201,1530,456
4855,1,813,177,1044,525
4856,5,1314,201,1530,456
4856,1,813,177,1044,525
4857,1,810,180,1041,522
4857,5,1305,198,1527,471
4858,5,1305,198,1527,471
4858,1,810,180,1041,522
4859,5,1305,195,1506,468
4859,1,831,183,1041,522
4860,5,1305,195,1506,468
4860,1,831,183,1041,522
4861,1,819,186,1044,522
4861,5,1299,192,1506,477
4862,1,819,186,1044,522
4862,5,1299,192,1506,477
4863,5,1296,195,1509,477
4863,1,819,186,1044,519
4864,1,819,186,1044,519
4864,5,1296,195,1509,477
4865,1,825,180,1044,519
4865,5,1287,198,1503,471
4866,1,825,180,1044,519
4866,5,1287,198,1503,471
4867,1,816,180,1038,516
4867,5,1260,201,1488,477
4868,1,816,180,1038,516
4868,5,1260,201,1488,477
4869,5,1263,201,1482,480
4869,1,819,180,1038,519
4870,5,1263,201,1482,480
4870,1,819,180,1038,519
4871,5,1254,192,1479,480
4871,1,828,183,1044,525
4872,5,1254,192,1479,480
4872,1,828,183,1044,525
4873,5,1251,198,1473,483
4873,1,828,183,1041,522
4874,1,828,183,1041,522
4874,5,1251,198,1473,483
4875,1,825,186,1038,522
4875,5,1248,204,1461,495
4876,5,1248,204,1461,495
4876,1,825,186,1038,522
4877,5,1239,201,1464,495
4877,1,828,180,1041,519
4878,1,828,180,1041,519
4878,5,1239,201,1464,495
4879,1,831,183,1044,519
4879,5,1227,201,1455,489
4880,5,1227,201,1455,489
4880,1,831,183,1044,519
4881,1,828,183,1038,519
4881,5,1221,204,1437,501
4882,1,828,183,1038,519
4882,5,1221,204,1437,501
4883,1,834,183,1041,522
4883,5,1218,201,1434,507
4884,5,1218,201,1434,507
4884,1,834,183,1041,522
4885,1,831,183,1041,522
4885,5,1212,192,1434,504
4886,1,831,183,1041,522
4886,5,1212,192,1434,504
4887,1,828,180,1044,519
4887,5,1212,201,1446,486
4888,5,1212,201,1446,486
4888,1,828,180,1044,519
4889,5,1227,198,1440,498
4889,1,831,180,1044,522
4890,1,831,180,1044,522
4890,5,1227,198,1440,498
4891,1,825,180,1044,516
4891,5,1215,198,1452,489
4892,1,825,180,1044,516
4892,5,1215,198,1452,489
4893,1,831,180,1038,522
4893,5,1212,198,1449,486
4894,1,831,180,1038,522
4894,5,1212,198,1449,486
4895,1,831,183,1041,519
4895,5,1218,204,1461,492
4896,1,831,183,1041,519
4896,5,1218,204,1461,492
4897,5,1221,204,1515,480
4897,1,819,183,1041,522
4898,1,819,183,1041,522
4898,5,1221,204,1515,480
4899,5,1227,204,1467,486
4899,1,834,183,1038,513
4900,5,1227,204,1467,486
4900,1,834,183,1038,513
4901,1,822,186,1044,522
4901,5,1233,204,1479,486
4902,5,1233,204,1479,486
4902,1,822,186,1044,522
4903,1,825,180,1041,522
4903,5,1224,207,1482,486
4904,1,825,180,1041,522
4904,5,1224,207,1482,486
4905,5,1224,204,1482,486
4905,1,825,183,1044,519
4906,1,825,183,1044,519
4906,5,1224,204,1482,486
4907,1,831,186,1041,519
4907,5,1218,204,1452,483
4908,1,831,186,1041,519
4908,5,1218,204,1452,483
4909,1,828,183,1041,522
4909,5,1218,204,1458,483
4910,1,828,183,1041,522
4910,5,1218,204,1458,483
4911,5,1221,204,1449,483
4911,1,819,177,1038,519
4912,5,1221,204,1449,483
4912,1,819,177,1038,519
4913,5,1218,204,1449,489
4913,1,819,177,1041,516
4914,5,1218,204,1449,489
4914,1,819,177,1041,516
4915,1,816,174,1038,516
4915,5,1218,204,1449,489
4916,5,1218,204,1449,489
4916,1,816,174,1038,516
4917,1,816,177,1038,519
4917,5,1221,201,1437,489
4918,5,1221,201,1437,489
4918,1,816,177,1038,519
4919,5,1212,201,1443,492
4919,1,819,183,1041,519
4920,5,1212,201,1443,492
4920,1,819,183,1041,519
4921,1,825,183,1038,516
4921,5,1224,201,1452,486
4922,5,1224,201,1452,486
4922,1,825,183,1038,516
4923,5,1218,204,1440,504
4923,1,825,180,1041,519
4923,7,1422,195,1605,456
4924,1,825,180,1041,519
4924,5,1218,204,1440,504
4924,7,1422,195,1605,456
4925,5,1215,204,1431,480
4925,1,828,177,1041,522
4925,7,1422,195,1605,432
4926,1,828,177,1041,522
4926,5,1215,204,1431,480
4926,7,1422,195,1605,432
4927,7,1422,195,1605,432
4927,5,1215,204,1413,489
4927,1,825,180,1044,522
4928,1,825,180,1044,522
4928,5,1215,204,1413,489
4928,7,1422,195,1605,432
4929,7,1419,195,1602,438
4929,5,1212,204,1410,492
4929,1,813,177,1038,519
4930,7,1419,195,1602,438
4930,5,1212,204,1410,492
4930,1,813,177,1038,519
4931,7,1419,195,1602,438
4931,1,816,177,1038,519
4931,5,1209,204,1401,489
4932,7,1419,195,1602,438
4932,5,1209,204,1401,489
4932,1,816,177,1038,519
4933,1,816,177,1038,519
4933,7,1419,195,1602,438
4933,5,1212,207,1401,492
4934,7,1419,195,1602,438
4934,1,816,177,1038,519
4934,5,1212,207,1401,492
4935,1,816,180,1038,519
4935,7,1410,192,1590,438
4935,5,1209,204,1416,498
4936,1,816,180,1038,519
4936,5,1209,204,1416,498
4936,7,1410,192,1590,438
4937,7,1401,195,1593,459
4937,1,813,180,1041,522
4937,5,1209,207,1422,495
4938,5,1209,207,1422,495
4938,1,813,180,1041,522
4938,7,1401,195,1593,459
4939,7,1398,192,1593,462
4939,5,1197,204,1413,486
4939,1,816,180,1041,522
4940,1,816,180,1041,522
4940,5,1197,204,1413,486
4940,7,1398,192,1593,462
4941,7,1395,198,1596,474
4941,5,1194,201,1407,483
4941,1,822,177,1041,528
4942,1,822,177,1041,528
4942,5,1194,201,1407,483
4942,7,1395,198,1596,474
4943,7,1401,198,1608,489
4943,5,1194,201,1407,483
4943,1,816,183,1038,519
4944,1,816,183,1038,519
4944,7,1401,198,1608,489
4944,5,1194,201,1407,483
4945,1,810,183,1041,525
4945,5,1194,192,1398,489
4945,7,1398,198,1605,468
4946,1,810,183,1041,525
4946,5,1194,192,1398,489
4946,7,1398,198,1605,468
4947,5,1194,192,1398,489
4947,1,828,177,1041,525
4947,7,1389,195,1611,474
4948,1,828,177,1041,525
4948,5,1194,192,1398,489
4948,7,1389,195,1611,474
4949,1,816,177,1041,519
4949,5,1194,192,1398,489
4949,7,1398,201,1599,468
4950,1,816,177,1041,519
4950,5,1194,192,1398,489
4950,7,1398,201,1599,468
4951,7,1398,201,1611,483
4951,5,1194,192,1398,489
4951,1,828,180,1041,522
4952,7,1398,201,1611,483
4952,1,828,180,1041,522
4952,5,1194,192,1398,489
4953,5,1194,192,1398,489
4953,1,828,180,1041,522
4953,7,1401,198,1602,477
4954,7,1401,198,1602,477
4954,5,1194,192,1398,489
4954,1,828,180,1041,522
4955,1,831,180,1041,519
4955,5,1194,192,1398,489
4955,7,1401,195,1599,480
4956,7,1401,195,1599,480
4956,1,831,180,1041,519
4956,5,1194,192,1398,489
4957,5,1194,192,1398,489
4957,1,831,183,1038,525
4957,7,1404,195,1596,483
4958,1,831,183,1038,525
4958,5,1194,192,1398,489
4958,7,1404,195,1596,483
4959,7,1401,198,1599,480
4959,5,1194,192,1398,489
4959,1,816,180,1038,516
4960,1,816,180,1038,516
4960,5,1194,192,1398,489
4960,7,1401,198,1599,480
4961,5,1194,192,1398,489
4961,7,1401,198,1605,480
4961,1,816,183,1041,519
4962,1,816,183,1041,519
4962,5,1194,192,1398,489
4962,7,1401,198,1605,480
4963,7,1401,201,1611,474
4963,5,1194,192,1398,489
4963,1,828,183,1041,519
4964,5,1194,192,1398,489
4964,1,828,183,1041,519
4964,7,1401,201,1611,474
4965,1,825,177,1041,525
4965,7,1404,201,1608,471
4966,1,825,177,1041,525
4966,7,1404,201,1608,471
4967,1,819,180,1041,516
4967,7,1398,201,1605,477
4968,1,819,180,1041,516
4968,7,1398,201,1605,477
4969,7,1401,198,1611,483
4969,1,819,183,1041,519
4970,1,819,183,1041,519
4970,7,1401,198,1611,483
4971,1,816,177,1035,519
4971,7,1404,201,1608,477
4972,7,1404,201,1608,477
4972,1,816,177,1035,519
4973,1,828,174,1041,516
4973,7,1404,198,1608,477
4974,7,1404,198,1608,477
4974,1,828,174,1041,516
4975,1,849,180,1044,516
4975,7,1398,198,1605,483
4976,1,849,180,1044,516
4976,7,1398,198,1605,483
4977,7,1398,201,1605,483
4977,1,843,183,1038,519
4978,1,843,183,1038,519
4978,7,1398,201,1605,483
4979,7,1398,201,1605,480
4979,1,843,183,1038,519
4980,1,843,183,1038,519
4980,7,1398,201,1605,480
4981,7,1401,198,1605,477
4981,1,846,177,1044,513
4982,7,1401,198,1605,477
4982,1,846,177,1044,513
4983,7,1398,198,1605,480
4983,1,846,177,1044,513
4984,7,1398,198,1605,480
4984,1,846,177,1044,513
4985,1,843,189,1044,516
4985,7,1398,198,1605,486
4986,7,1398,198,1605,486
4986,1,843,189,1044,516
4987,7,1398,198,1605,483
4987,1,846,183,1041,513
4988,1,846,183,1041,513
4988,7,1398,198,1605,483
4989,7,1398,198,1602,480
4989,1,846,183,1041,513
4990,1,846,183,1041,513
4990,7,1398,198,1602,480
4991,1,846,183,1041,513
4991,7,1398,198,1602,477
4992,7,1398,198,1602,477
4992,1,846,183,1041,513
4993,7,1395,198,1596,483
4993,1,846,183,1041,513
4994,7,1395,198,1596,483
4994,1,846,183,1041,513
4995,1,861,186,1047,516
4995,7,1398,201,1599,480
4996,1,861,186,1047,516
4996,7,1398,201,1599,480
4997,1,861,186,1047,516
4997,7,1398,198,1599,477
4998,1,861,186,1047,516
4998,7,1398,198,1599,477
4999,7,1398,201,1596,480
4999,1,837,183,1047,513
5000,1,837,183,1047,513
5000,7,1398,201,1596,480
5001,7,1398,201,1599,480
5001,1,792,177,1035,504
5002,7,1398,201,1599,480
5002,1,792,177,1035,504
5003,1,792,177,1035,504
5003,7,1398,201,1602,483
5004,7,1398,201,1602,483
5004,1,792,177,1035,504
5005,1,792,177,1035,504
5005,7,1398,201,1602,480
5006,1,792,177,1035,504
5006,7,1398,201,1602,480
5007,1,792,177,1035,504
5007,7,1398,201,1605,483
5008,1,792,177,1035,504
5008,7,1398,201,1605,483
5009,7,1398,201,1602,480
5009,1,792,177,1035,504
5010,7,1398,201,1602,480
5010,1,792,177,1035,504
5011,1,792,177,1035,504
5011,7,1398,201,1605,474
5012,1,792,177,1035,504
5012,7,1398,201,1605,474
5013,7,1401,201,1605,480
5013,1,792,177,1035,504
5014,7,1401,201,1605,480
5014,1,792,177,1035,504
5015,7,1404,201,1608,480
5015,1,819,177,1038,516
5016,7,1404,201,1608,480
5016,1,819,177,1038,516
5017,1,819,177,1038,516
5017,7,1398,201,1605,474
5018,1,819,177,1038,516
5018,7,1398,201,1605,474
5019,1,810,219,1041,519
5019,7,1398,201,1605,477
5020,1,810,219,1041,519
5020,7,1398,201,1605,477
5021,1,810,219,1041,519
5021,7,1395,201,1602,480
5022,1,810,219,1041,519
5022,7,1395,201,1602,480
5023,1,804,222,1041,495
5023,7,1392,198,1599,483
5024,1,804,222,1041,495
5024,7,1392,198,1599,483
5025,7,1380,201,1593,486
5025,1,795,219,1041,504
5026,7,1380,201,1593,486
5026,1,795,219,1041,504
5027,7,1374,201,1590,480
5027,1,810,219,1041,501
5028,7,1374,201,1590,480
5028,1,810,219,1041,501
5029,1,786,219,1044,510
5029,7,1377,201,1584,486
5030,7,1377,201,1584,486
5030,1,786,219,1044,510
5031,7,1371,201,1581,486
5031,1,807,219,1038,504
5032,7,1371,201,1581,486
5032,1,807,219,1038,504
5033,1,825,225,1047,510
5033,7,1368,198,1578,486
5034,1,825,225,1047,510
5034,7,1368,198,1578,486
5035,1,801,216,1050,516
5035,7,1356,198,1572,483
5036,1,801,216,1050,516
5036,7,1356,198,1572,483
5037,1,822,219,1044,504
5037,7,1353,192,1569,480
5038,7,1353,192,1569,480
5038,1,822,219,1044,504
5039,7,1350,195,1563,477
5039,1,810,219,1050,519
5040,1,810,219,1050,519
5040,7,1350,195,1563,477
5041,1,813,216,1047,522
5041,7,1341,198,1554,483
5042,1,813,216,1047,522
5042,7,1341,198,1554,483
5043,1,810,219,1047,528
5043,7,1335,195,1551,483
5044,7,1335,195,1551,483
5044,1,810,219,1047,528
5045,7,1326,195,1545,483
5045,1,810,216,1047,525
5046,1,810,216,1047,525
5046,7,1326,195,1545,483
5047,7,1323,195,1539,480
5047,1,807,216,1044,528
5048,7,1323,195,1539,480
5048,1,807,216,1044,528
5049,1,807,216,1047,528
5049,7,1314,198,1530,483
5050,1,807,216,1047,528
5050,7,1314,198,1530,483
5051,7,1311,195,1530,483
5051,1,804,213,1044,525
5052,7,1311,195,1530,483
5052,1,804,213,1044,525
5053,1,804,216,1044,528
5053,7,1299,186,1518,483
5054,1,804,216,1044,528
5054,7,1299,186,1518,483
5055,1,798,213,1047,528
5055,7,1293,195,1512,486
5056,1,798,213,1047,528
5056,7,1293,195,1512,486
5057,1,792,222,1044,510
5057,7,1281,189,1506,489
5058,1,792,222,1044,510
5058,7,1281,189,1506,489
5059,7,1281,192,1503,489
5059,1,825,213,1044,519
5060,1,825,213,1044,519
5060,7,1281,192,1503,489
5061,1,825,213,1044,519
5061,7,1278,198,1497,489
5062,1,825,213,1044,519
5062,7,1278,198,1497,489
5063,7,1269,192,1494,489
5063,1,825,213,1044,519
5064,7,1269,192,1494,489
5064,1,825,213,1044,519
5065,7,1266,192,1491,483
5065,1,825,213,1044,519
5066,7,1266,192,1491,483
5066,1,825,213,1044,519
5067,1,825,213,1044,519
5067,7,1266,195,1488,486
5068,1,825,213,1044,519
5068,7,1266,195,1488,486
5069,7,1266,195,1491,483
5069,1,825,213,1044,519
5070,1,825,213,1044,519
5070,7,1266,195,1491,483
5071,7,1266,198,1488,483
5071,1,825,213,1044,519
5072,7,1266,198,1488,483
5072,1,825,213,1044,519
5073,1,825,213,1044,519
5073,7,1257,192,1491,483
5074,1,825,213,1044,519
5074,7,1257,192,1491,483
5075,7,1254,192,1491,486
5075,1,849,222,1050,519
5076,7,1254,192,1491,486
5076,1,849,222,1050,519
5077,1,813,222,1047,528
5077,7,1254,192,1494,483
5078,1,813,222,1047,528
5078,7,1254,192,1494,483
5079,7,1260,195,1491,483
5079,1,819,234,1053,522
5080,1,819,234,1053,522
5080,7,1260,195,1491,483
5081,1,786,237,1053,525
5081,7,1260,195,1491,483
5082,7,1260,195,1491,483
5082,1,786,237,1053,525
5083,1,819,237,1050,522
5083,7,1260,195,1491,483
5084,1,819,237,1050,522
5084,7,1260,195,1491,483
5085,7,1263,192,1491,483
5085,1,810,237,1053,525
5086,7,1263,192,1491,483
5086,1,810,237,1053,525
5087,7,1263,192,1491,483
5087,1,816,234,1050,522
5088,1,816,234,1050,522
5088,7,1263,192,1491,483
5089,1,813,231,1050,522
5089,7,1260,192,1491,483
5090,1,813,231,1050,522
5090,7,1260,192,1491,483
5091,1,813,231,1053,522
5091,7,1260,195,1491,483
5092,1,813,231,1053,522
5092,7,1260,195,1491,483
5093,1,819,231,1053,525
5093,7,1260,192,1491,486
5094,1,819,231,1053,525
5094,7,1260,192,1491,486
5095,7,1263,195,1491,483
5095,1,813,231,1053,522
5096,1,813,231,1053,522
5096,7,1263,195,1491,483
5097,7,1263,195,1491,483
5097,1,810,231,1053,525
5098,1,810,231,1053,525
5098,7,1263,195,1491,483
5099,1,813,231,1053,525
5099,7,1263,192,1491,483
5100,1,813,231,1053,525
5100,7,1263,192,1491,483
5101,1,813,228,1053,525
5101,7,1263,195,1491,483
5102,7,1263,195,1491,483
5102,1,813,228,1053,525
5103,7,1263,195,1488,483
5103,1,813,228,1053,522
5104,1,813,228,1053,522
5104,7,1263,195,1488,483
5105,7,1260,195,1488,483
5105,1,813,228,1053,525
5106,7,1260,195,1488,483
5106,1,813,228,1053,525
5107,1,816,231,1053,522
5107,7,1257,192,1488,483
5108,7,1257,192,1488,483
5108,1,816,231,1053,522
5109,7,1263,192,1488,483
5109,1,819,234,1053,519
5110,1,819,234,1053,519
5110,7,1263,192,1488,483
5111,1,816,231,1053,531
5111,7,1263,192,1488,483
5112,1,816,231,1053,531
5112,7,1263,192,1488,483
5113,7,1266,195,1488,483
5113,1,822,234,1047,528
5113,11,1452,162,1656,438
5114,11,1452,162,1656,438
5114,7,1266,195,1488,483
5114,1,822,234,1047,528
5115,1,822,228,1041,522
5115,7,1263,195,1488,483
5115,11,1452,162,1659,441
5116,1,822,228,1041,522
5116,7,1263,195,1488,483
5116,11,1452,162,1659,441
5117,11,1452,162,1659,438
5117,7,1263,192,1488,483
5117,1,828,234,1047,516
5118,11,1452,162,1659,438
5118,7,1263,192,1488,483
5118,1,828,234,1047,516
5119,11,1449,165,1656,432
5119,1,822,240,1044,513
5119,7,1263,192,1488,486
5120,7,1263,192,1488,486
5120,1,822,240,1044,513
5120,11,1449,165,1656,432
5121,11,1449,162,1656,432
5121,7,1266,195,1488,483
5121,1,825,234,1044,513
5122,11,1449,162,1656,432
5122,7,1266,195,1488,483
5122,1,825,234,1044,513
5123,1,822,234,1050,513
5123,7,1263,192,1491,483
5123,11,1452,162,1656,432
5124,1,822,234,1050,513
5124,11,1452,162,1656,432
5124,7,1263,192,1491,483
5125,11,1452,162,1656,435
5125,1,825,237,1041,516
5125,7,1263,195,1488,483
5126,1,825,237,1041,516
5126,7,1263,195,1488,483
5126,11,1452,162,1656,435
5127,11,1452,162,1656,441
5127,7,1260,192,1491,483
5127,1,816,240,1041,510
5128,1,816,240,1041,510
5128,7,1260,192,1491,483
5128,11,1452,162,1656,441
5129,1,822,231,1038,516
5129,7,1266,198,1491,486
5129,11,1452,162,1656,450
5130,1,822,231,1038,516
5130,7,1266,198,1491,486
5130,11,1452,162,1656,450
5131,11,1452,165,1656,432
5131,7,1269,204,1491,483
5131,1,825,222,1044,510
5132,1,825,222,1044,510
5132,7,1269,204,1491,483
5132,11,1452,165,1656,432
5133,1,825,222,1044,510
5133,11,1452,165,1653,426
5133,7,1260,192,1491,483
5134,1,825,222,1044,510
5134,11,1452,165,1653,426
5134,7,1260,192,1491,483
5135,1,825,222,1044,510
5135,7,1260,192,1491,486
5135,11,1452,165,1653,423
5136,11,1452,165,1653,423
5136,1,825,222,1044,510
5136,7,1260,192,1491,486
5137,11,1452,165,1650,420
5137,7,1260,195,1491,483
5137,1,825,222,1044,510
5138,11,1452,165,1650,420
5138,7,1260,195,1491,483
5138,1,825,222,1044,510
5139,11,1455,165,1644,420
5139,7,1266,192,1491,489
5139,1,825,222,1044,510
5140,7,1266,192,1491,489
5140,1,825,222,1044,510
5140,11,1455,165,1644,420
5141,11,1452,168,1665,435
5141,1,825,222,1044,510
5141,7,1266,195,1488,495
5142,1,825,222,1044,510
5142,7,1266,195,1488,495
5142,11,1452,168,1665,435
5143,1,825,222,1044,510
5143,7,1263,198,1491,492
5143,11,1452,165,1635,420
5144,11,1452,165,1635,420
5144,7,1263,198,1491,492
5144,1,825,222,1044,510
5145,7,1263,195,1491,501
5145,11,1452,165,1635,420
5145,1,825,222,1044,510
5146,11,1452,165,1635,420
5146,7,1263,195,1491,501
5146,1,825,222,1044,510
5147,11,1452,165,1635,420
5147,7,1272,210,1491,498
5147,1,825,222,1044,510
5148,11,1452,165,1635,420
5148,1,825,222,1044,510
5148,7,1272,210,1491,498
5149,1,825,222,1044,510
5149,7,1275,222,1500,486
5149,11,1452,165,1635,420
5150,1,825,222,1044,510
5150,7,1275,222,1500,486
5150,11,1452,165,1635,420
5151,11,1452,165,1635,420
5151,7,1278,240,1485,483
5151,1,813,225,1047,516
5152,11,1452,165,1635,420
5152,7,1278,240,1485,483
5152,1,813,225,1047,516
5153,1,813,234,1050,519
5153,7,1278,240,1485,483
5153,11,1452,165,1635,420
5154,1,813,234,1050,519
5154,7,1278,240,1485,483
5154,11,1452,165,1635,420
5155,1,816,228,1047,519
5155,11,1452,165,1635,420
5155,7,1278,240,1485,483
5156,7,1278,240,1485,483
5156,1,816,228,1047,519
5156,11,1452,165,1635,420
5157,7,1278,240,1485,483
5157,11,1458,165,1653,441
5157,1,819,228,1047,519
5158,1,819,228,1047,519
5158,7,1278,240,1485,483
5158,11,1458,165,1653,441
5159,11,1461,168,1653,438
5159,1,810,225,1041,516
5159,7,1269,192,1482,492
5160,11,1461,168,1653,438
5160,1,810,225,1041,516
5160,7,1269,192,1482,492
5161,11,1461,168,1653,447
5161,1,816,228,1029,513
5161,7,1269,198,1482,456
5162,1,816,228,1029,513
5162,7,1269,198,1482,456
5162,11,1461,168,1653,447
5163,11,1458,168,1653,444
5163,1,783,234,1011,516
5163,7,1260,195,1479,450
5164,7,1260,195,1479,450
5164,1,783,234,1011,516
5164,11,1458,168,1653,444
5165,1,768,234,987,516
5165,11,1458,165,1656,468
5165,7,1263,198,1482,471
5166,11,1458,165,1656,468
5166,7,1263,198,1482,471
5166,1,768,234,987,516
5167,11,1455,165,1653,456
5167,7,1260,195,1479,456
5167,1,738,240,966,513
5168,11,1455,165,1653,456
5168,7,1260,195,1479,456
5168,1,738,240,966,513
5169,7,1260,192,1479,471
5169,1,729,225,942,513
5169,11,1455,165,1656,465
5170,11,1455,165,1656,465
5170,1,729,225,942,513
5170,7,1260,192,1479,471
5171,1,711,219,927,510
5171,11,1455,165,1656,453
5171,7,1254,192,1485,480
5172,7,1254,192,1485,480
5172,1,711,219,927,510
5172,11,1455,165,1656,453
5173,1,684,219,909,507
5173,7,1260,195,1485,483
5173,11,1455,165,1653,456
5174,11,1455,165,1653,456
5174,1,684,219,909,507
5174,7,1260,195,1485,483
5175,1,675,210,897,507
5175,7,1260,195,1485,483
5175,11,1452,165,1653,450
5176,11,1452,165,1653,450
5176,1,675,210,897,507
5176,7,1260,195,1485,483
5177,11,1452,165,1650,438
5177,7,1257,195,1485,489
5177,1,660,204,882,510
5178,1,660,204,882,510
5178,7,1257,195,1485,489
5178,11,1452,165,1650,438
5179,11,1452,165,1653,441
5179,7,1257,195,1488,489
5179,1,651,210,876,498
5180,1,651,210,876,498
5180,7,1257,195,1488,489
5180,11,1452,165,1653,441
5181,7,1260,195,1488,489
5181,11,1452,165,1653,444
5181,1,648,207,864,498
5182,11,1452,165,1653,444
5182,7,1260,195,1488,489
5182,1,648,207,864,498
5183,11,1452,165,1653,441
5183,1,642,207,858,501
5183,7,1263,192,1488,495
5184,11,1452,165,1653,441
5184,1,642,207,858,501
5184,7,1263,192,1488,495
5185,11,1452,168,1656,444
5185,7,1266,192,1488,498
5185,1,636,210,861,495
5186,1,636,210,861,495
5186,7,1266,192,1488,498
5186,11,1452,168,1656,444
5187,7,1263,192,1485,498
5187,1,639,210,858,501
5187,11,1455,165,1656,444
5188,1,639,210,858,501
5188,7,1263,192,1485,498
5188,11,1455,165,1656,444
5189,1,636,213,855,498
5189,7,1260,192,1488,498
5189,11,1452,165,1656,447
5190,7,1260,192,1488,498
5190,1,636,213,855,498
5190,11,1452,165,1656,447
5191,11,1455,165,1653,441
5191,1,639,219,855,495
5191,7,1263,189,1488,498
5192,7,1263,189,1488,498
5192,1,639,219,855,495
5192,11,1455,165,1653,441
5193,1,639,219,855,495
5193,11,1455,165,1647,441
5193,7,1260,192,1488,504
5194,11,1455,165,1647,441
5194,7,1260,192,1488,504
5194,1,639,219,855,495
5195,11,1449,162,1650,441
5195,7,1263,195,1488,495
5195,1,639,219,855,495
5196,1,639,219,855,495
5196,7,1263,195,1488,495
5196,11,1449,162,1650,441
5197,11,1455,165,1653,441
5197,7,1257,189,1488,501
5197,1,639,219,855,495
5198,11,1455,165,1653,441
5198,7,1257,189,1488,501
5198,1,639,219,855,495
5199,11,1452,165,1653,441
5199,7,1260,195,1488,495
5199,1,639,219,855,495
5200,1,639,219,855,495
5200,11,1452,165,1653,441
5200,7,1260,195,1488,495
5201,7,1254,192,1488,501
5201,1,639,219,855,495
5201,11,1452,165,1653,444
5202,1,639,219,855,495
5202,7,1254,192,1488,501
5202,11,1452,165,1653,444
5203,1,639,219,855,495
5203,7,1254,183,1488,498
5203,11,1455,165,1650,444
5204,11,1455,165,1650,444
5204,1,639,219,855,495
5204,7,1254,183,1488,498
5205,1,639,219,855,495
5205,7,1260,195,1485,495
5205,11,1455,165,1653,447
5206,1,639,219,855,495
5206,7,1260,195,1485,495
5206,11,1455,165,1653,447
5207,11,1455,162,1653,450
5207,1,639,219,855,495
5207,7,1263,189,1485,498
5208,7,1263,189,1485,498
5208,1,639,219,855,495
5208,11,1455,162,1653,450
5209,1,639,219,855,495
5209,7,1245,186,1488,492
5209,11,1455,165,1653,447
5210,11,1455,165,1653,447
5210,7,1245,186,1488,492
5210,1,639,219,855,495
5211,7,1260,192,1485,489
5211,11,1458,165,1653,447
5212,11,1458,165,1653,447
5212,7,1260,192,1485,489
5213,7,1254,189,1485,486
5213,11,1458,165,1653,453
5214,11,1458,165,1653,453
5214,7,1254,189,1485,486
5215,7,1248,189,1485,489
5215,11,1455,165,1653,453
5216,7,1248,189,1485,489
5216,11,1455,165,1653,453
5217,11,1455,165,1656,450
5217,7,1257,192,1485,486
5218,7,1257,192,1485,486
5218,11,1455,165,1656,450
5219,7,1251,186,1485,489
5219,11,1455,165,1653,450
5220,11,1455,165,1653,450
5220,7,1251,186,1485,489
5221,11,1455,165,1653,450
5221,7,1254,189,1488,492
5222,11,1455,165,1653,450
5222,7,1254,189,1488,492
5223,11,1455,162,1656,468
5223,7,1254,183,1485,492
5224,7,1254,183,1485,492
5224,11,1455,162,1656,468
5225,11,1455,165,1656,468
5225,7,1254,186,1485,495
5226,7,1254,186,1485,495
5226,11,1455,165,1656,468
5227,7,1254,183,1485,492
5227,11,1455,165,1659,459
5228,11,1455,165,1659,459
5228,7,1254,183,1485,492
5229,11,1455,165,1659,456
5229,7,1248,186,1485,480
5230,7,1248,186,1485,480
5230,11,1455,165,1659,456
5231,7,1248,183,1491,492
5231,11,1455,165,1656,447
5232,11,1455,165,1656,447
5232,7,1248,183,1491,492
5233,7,1251,186,1485,486
5233,11,1455,165,1656,453
5234,11,1455,165,1656,453
5234,7,1251,186,1485,486
5235,11,1452,165,1653,426
5235,7,1260,192,1482,483
5236,7,1260,192,1482,483
5236,11,1452,165,1653,426
5237,7,1260,192,1488,489
5237,11,1452,165,1653,426
5238,11,1452,165,1653,426
5238,7,1260,192,1488,489
5239,11,1452,165,1656,435
5239,7,1254,189,1488,486
5240,7,1254,189,1488,486
5240,11,1452,165,1656,435
5241,11,1452,165,1656,435
5241,7,1257,192,1488,486
5242,11,1452,165,1656,435
5242,7,1257,192,1488,486
5243,11,1452,165,1656,438
5243,7,1257,192,1488,486
5244,7,1257,192,1488,486
5244,11,1452,165,1656,438
5245,11,1455,165,1656,432
5245,7,1260,195,1491,483
5246,11,1455,165,1656,432
5246,7,1260,195,1491,483
5247,7,1263,192,1488,486
5247,11,1452,165,1656,435
5248,11,1452,165,1656,435
5248,7,1263,192,1488,486
5249,7,1260,192,1488,486
5249,11,1455,162,1653,432
5250,7,1260,192,1488,486
5250,11,1455,162,1653,432
5251,7,1260,189,1488,486
5251,11,1455,162,1653,435
5252,11,1455,162,1653,435
5252,7,1260,189,1488,486
5253,7,1266,192,1488,486
5253,11,1455,162,1653,444
5254,11,1455,162,1653,444
5254,7,1266,192,1488,486
5255,7,1260,192,1488,483
5255,11,1452,162,1653,441
5256,11,1452,162,1653,441
5256,7,1260,192,1488,483
5257,11,1452,162,1653,432
5257,7,1257,186,1488,486
5258,7,1257,186,1488,486
5258,11,1452,162,1653,432
5259,7,1263,192,1491,486
5259,11,1452,162,1653,438
5260,11,1452,162,1653,438
5260,7,1263,192,1491,486
5261,7,1257,192,1488,483
5261,11,1452,165,1656,441
5262,11,1452,165,1656,441
5262,7,1257,192,1488,483
5263,7,1251,192,1491,486
5263,11,1449,162,1653,435
5264,11,1449,162,1653,435
5264,7,1251,192,1491,486
5265,7,1248,189,1491,486
5265,11,1452,165,1650,423
5266,11,1452,165,1650,423
5266,7,1248,189,1491,486
5267,7,1245,189,1494,486
5267,11,1452,165,1650,426
5268,11,1452,165,1650,426
5268,7,1245,189,1494,486
5269,11,1452,165,1647,426
5269,7,1251,198,1494,483
5270,11,1452,165,1647,426
5270,7,1251,198,1494,483
5271,11,1452,165,1650,432
5271,7,1242,189,1494,489
5272,11,1452,165,1650,432
5272,7,1242,189,1494,489
5273,7,1242,186,1494,492
5273,11,1452,165,1650,432
5274,11,1452,165,1650,432
5274,7,1242,186,1494,492
5275,11,1452,165,1650,435
5275,7,1242,186,1491,489
5276,11,1452,165,1650,435
5276,7,1242,186,1491,489
5277,7,1245,189,1494,489
5277,11,1455,165,1647,432
5278,11,1455,165,1647,432
5278,7,1245,189,1494,489
5279,11,1452,165,1650,426
5279,7,1242,186,1494,492
5280,11,1452,165,1650,426
5280,7,1242,186,1494,492
5281,11,1455,165,1650,435
5281,7,1245,186,1491,489
5282,11,1455,165,1650,435
5282,7,1245,186,1491,489
5283,7,1248,189,1491,489
5283,11,1452,165,1653,435
5284,7,1248,189,1491,489
5284,11,1452,165,1653,435
5285,7,1242,186,1494,492
5285,11,1452,162,1653,435
5286,7,1242,186,1494,492
5286,11,1452,162,1653,435
5287,7,1242,186,1494,489
5287,11,1452,165,1653,435
5288,11,1452,165,1653,435
5288,7,1242,186,1494,489
5289,11,1452,165,1653,432
5289,7,1245,189,1494,489
5290,7,1245,189,1494,489
5290,11,1452,165,1653,432
5291,11,1455,165,1653,429
5291,7,1242,186,1494,489
5292,7,1242,186,1494,489
5292,11,1455,165,1653,429
5293,11,1452,165,1650,429
5293,7,1242,192,1494,492
5294,11,1452,165,1650,429
5294,7,1242,192,1494,492
5295,11,1452,165,1653,438
5295,7,1242,195,1491,492
5296,7,1242,195,1491,492
5296,11,1452,165,1653,438
5297,7,1245,192,1491,495
5297,11,1449,165,1650,444
5298,11,1449,165,1650,444
5298,7,1245,192,1491,495
5299,11,1455,168,1650,444
5299,7,1245,192,1491,492
5300,11,1455,168,1650,444
5300,7,1245,192,1491,492
5301,7,1242,192,1488,489
5301,11,1455,165,1653,456
5302,11,1455,165,1653,456
5302,7,1242,192,1488,489
5303,11,1455,165,1653,456
5303,7,1242,192,1488,489
5304,7,1242,192,1488,489
5304,11,1455,165,1653,456
5305,7,1242,192,1491,489
5305,11,1455,165,1656,456
5306,7,1242,192,1491,489
5306,11,1455,165,1656,456
5307,11,1455,162,1653,447
5307,7,1239,189,1491,486
5308,7,1239,189,1491,486
5308,11,1455,162,1653,447
5309,11,1458,162,1656,456
5309,7,1242,192,1491,489
5310,11,1458,162,1656,456
5310,7,1242,192,1491,489
5311,7,1242,195,1491,486
5311,11,1455,165,1653,432
5312,7,1242,195,1491,486
5312,11,1455,165,1653,432
5313,7,1242,192,1491,489
5313,11,1458,162,1653,438
5314,7,1242,192,1491,489
5314,11,1458,162,1653,438
5315,11,1458,162,1656,444
5315,7,1242,192,1491,483
5316,11,1458,162,1656,444
5316,7,1242,192,1491,483
5317,7,1242,192,1491,486
5317,11,1458,162,1653,435
5318,7,1242,192,1491,486
5318,11,1458,162,1653,435
5319,7,1242,192,1491,486
5319,11,1455,165,1650,435
5320,7,1242,192,1491,486
5320,11,1455,165,1650,435
5321,11,1455,165,1647,435
5321,7,1239,195,1491,486
5322,11,1455,165,1647,435
5322,7,1239,195,1491,486
5323,11,1455,165,1650,438
5323,7,1242,195,1491,486
5324,11,1455,165,1650,438
5324,7,1242,195,1491,486
5325,7,1245,195,1491,486
5325,11,1455,165,1653,438
5326,11,1455,165,1653,438
5326,7,1245,195,1491,486
5327,7,1242,192,1491,486
5327,11,1455,165,1656,453
5328,11,1455,165,1656,453
5328,7,1242,192,1491,486
5329,11,1455,165,1656,456
5329,7,1242,195,1491,486
5330,7,1242,195,1491,486
5330,11,1455,165,1656,456
5331,11,1461,165,1662,468
5331,7,1245,195,1491,486
5332,7,1245,195,1491,486
5332,11,1461,165,1662,468
5333,7,1245,195,1494,486
5333,11,1467,174,1662,462
5334,11,1467,174,1662,462
5334,7,1245,195,1494,486
5335,11,1461,174,1662,471
5335,7,1245,195,1494,486
5336,11,1461,174,1662,471
5336,7,1245,195,1494,486
5337,7,1245,198,1491,489
5337,11,1461,168,1662,465
5338,11,1461,168,1662,465
5338,7,1245,198,1491,489
5339,11,1464,168,1668,471
5339,7,1245,195,1494,489
5340,11,1464,168,1668,471
5340,7,1245,195,1494,489
5341,7,1242,195,1497,492
5341,11,1467,165,1671,474
5342,11,1467,165,1671,474
5342,7,1242,195,1497,492
5343,11,1467,168,1674,465
5343,7,1242,195,1497,492
5344,11,1467,168,1674,465
5344,7,1242,195,1497,492
5345,11,1464,165,1674,471
5345,7,1245,195,1494,495
5346,7,1245,195,1494,495
5346,11,1464,165,1674,471
5347,7,1245,195,1497,498
5347,11,1464,165,1671,468
5348,11,1464,165,1671,468
5348,7,1245,195,1497,498
5349,7,1245,195,1497,498
5349,11,1467,165,1671,477
5350,7,1245,195,1497,498
5350,11,1467,165,1671,477
5351,11,1458,168,1662,465
5351,7,1242,195,1497,498
5352,11,1458,168,1662,465
5352,7,1242,195,1497,498
5353,7,1251,192,1494,498
5353,11,1464,168,1659,480
5354,7,1251,192,1494,498
5354,11,1464,168,1659,480
5355,7,1245,195,1497,501
5355,11,1461,168,1656,483
5356,11,1461,168,1656,483
5356,7,1245,195,1497,501
5357,11,1455,177,1659,468
5357,7,1245,195,1503,507
5358,7,1245,195,1503,507
5358,11,1455,177,1659,468
5359,11,1455,168,1668,465
5359,7,1254,192,1494,498
5360,11,1455,168,1668,465
5360,7,1254,192,1494,498
5361,11,1455,168,1671,471
5361,7,1254,192,1491,495
5362,11,1455,168,1671,471
5362,7,1254,192,1491,495
5363,11,1458,171,1671,468
5363,7,1248,195,1494,495
5364,11,1458,171,1671,468
5364,7,1248,195,1494,495
5365,11,1455,174,1668,468
5365,7,1251,195,1494,498
5366,11,1455,174,1668,468
5366,7,1251,195,1494,498
5367,7,1248,189,1494,498
5367,11,1461,165,1668,471
5368,11,1461,165,1668,471
5368,7,1248,189,1494,498
5369,11,1455,168,1668,474
5369,7,1245,195,1494,495
5370,11,1455,168,1668,474
5370,7,1245,195,1494,495
5371,11,1458,171,1668,477
5371,7,1242,198,1497,495
5372,11,1458,171,1668,477
5372,7,1242,198,1497,495
5373,7,1242,198,1497,495
5373,11,1455,171,1665,471
5374,11,1455,171,1665,471
5374,7,1242,198,1497,495
5375,7,1239,198,1494,492
5375,11,1458,168,1665,471
5376,7,1239,198,1494,492
5376,11,1458,168,1665,471
5377,11,1458,165,1668,471
5377,7,1236,195,1494,489
5378,11,1458,165,1668,471
5378,7,1236,195,1494,489
5379,11,1455,168,1665,471
5379,7,1242,198,1494,492
5380,7,1242,198,1494,492
5380,11,1455,168,1665,471
5381,7,1239,198,1494,492
5381,11,1461,168,1668,471
5382,7,1239,198,1494,492
5382,11,1461,168,1668,471
5383,11,1458,168,1668,471
5383,7,1239,198,1494,492
5384,11,1458,168,1668,471
5384,7,1239,198,1494,492
5385,7,1239,198,1494,492
5385,11,1461,168,1674,477
5386,11,1461,168,1674,477
5386,7,1239,198,1494,492
5387,7,1239,198,1494,489
5387,11,1461,168,1671,474
5388,11,1461,168,1671,474
5388,7,1239,198,1494,489
5389,7,1239,195,1494,492
5389,11,1461,171,1668,468
5390,11,1461,171,1668,468
5390,7,1239,195,1494,492
5391,7,1242,198,1494,489
5391,11,1461,171,1668,471
5392,7,1242,198,1494,489
5392,11,1461,171,1668,471
5393,7,1239,195,1494,492
5393,11,1458,168,1671,474
5394,7,1239,195,1494,492
5394,11,1458,168,1671,474
5395,7,1242,195,1494,495
5395,11,1458,168,1668,468
5396,11,1458,168,1668,468
5396,7,1242,195,1494,495
5397,11,1458,171,1671,468
5397,7,1242,195,1494,489
5398,7,1242,195,1494,489
5398,11,1458,171,1671,468
5399,11,1458,168,1671,471
5399,7,1242,195,1497,495
5400,11,1458,168,1671,471
5400,7,1242,195,1497,495
5401,11,1458,171,1671,471
5401,7,1242,195,1494,495
5402,7,1242,195,1494,495
5402,11,1458,171,1671,471
5403,7,1239,195,1494,492
5403,11,1458,168,1668,468
5404,11,1458,168,1668,468
5404,7,1239,195,1494,492
5405,7,1239,195,1494,492
5405,11,1458,168,1668,468
5406,11,1458,168,1668,468
5406,7,1239,195,1494,492
5407,7,1242,198,1494,489
5407,11,1458,171,1674,471
5408,7,1242,198,1494,489
5408,11,1458,171,1674,471
5409,11,1461,174,1674,468
5409,7,1242,198,1494,489
5410,11,1461,174,1674,468
5410,7,1242,198,1494,489
5411,7,1242,195,1494,489
5411,11,1461,174,1674,474
5412,7,1242,195,1494,489
5412,11,1461,174,1674,474
5413,11,1461,174,1677,471
5413,7,1242,195,1494,492
5414,7,1242,195,1494,492
5414,11,1461,174,1677,471
5415,11,1458,171,1671,468
5415,7,1242,198,1494,489
5416,11,1458,171,1671,468
5416,7,1242,198,1494,489
5417,7,1242,198,1494,489
5417,11,1458,171,1674,468
5418,7,1242,198,1494,489
5418,11,1458,171,1674,468
5419,11,1458,171,1671,468
5419,7,1245,198,1494,489
5420,11,1458,171,1671,468
5420,7,1245,198,1494,489
5421,7,1242,198,1494,489
5421,11,1458,171,1671,468
5422,7,1242,198,1494,489
5422,11,1458,171,1671,468
5423,11,1458,171,1674,471
5423,7,1242,198,1497,489
5424,11,1458,171,1674,471
5424,7,1242,198,1497,489
5425,7,1239,198,1494,489
5425,11,1461,171,1674,474
5426,7,1239,198,1494,489
5426,11,1461,171,1674,474
5427,7,1239,198,1494,489
5427,11,1461,171,1674,471
5428,11,1461,171,1674,471
5428,7,1239,198,1494,489
5429,7,1242,198,1494,492
5429,11,1461,171,1677,474
5430,7,1242,198,1494,492
5430,11,1461,171,1677,474
5431,11,1461,168,1677,474
5431,7,1239,198,1494,492
5432,7,1239,198,1494,492
5432,11,1461,168,1677,474
5433,7,1239,195,1494,492
5433,11,1461,168,1674,477
5434,7,1239,195,1494,492
5434,11,1461,168,1674,477
5435,11,1461,168,1677,477
5435,7,1239,198,1494,492
5436,11,1461,168,1677,477
5436,7,1239,198,1494,492
5437,11,1455,168,1668,465
5437,7,1239,198,1494,492
5438,11,1455,168,1668,465
5438,7,1239,198,1494,492
5439,7,1236,195,1494,492
5439,11,1455,168,1668,462
5440,7,1236,195,1494,492
5440,11,1455,168,1668,462
5441,7,1239,195,1494,492
5441,11,1458,171,1665,465
5442,7,1239,195,1494,492
5442,11,1458,171,1665,465
5443,7,1239,195,1491,492
5443,11,1455,171,1665,465
5444,7,1239,195,1491,492
5444,11,1455,171,1665,465
5445,11,1455,168,1665,465
5445,7,1242,195,1494,489
5446,11,1455,168,1665,465
5446,7,1242,195,1494,489
5447,11,1455,168,1665,465
5447,7,1242,195,1491,489
5448,11,1455,168,1665,465
5448,7,1242,195,1491,489
5449,7,1239,195,1494,492
5449,11,1455,171,1668,468
5450,7,1239,195,1494,492
5450,11,1455,171,1668,468
5451,11,1458,168,1671,471
5451,7,1239,195,1491,492
5452,7,1239,195,1491,492
5452,11,1458,168,1671,471
5453,11,1458,171,1668,468
5453,7,1245,195,1491,492
5454,7,1245,195,1491,492
5454,11,1458,171,1668,468
5455,7,1248,198,1494,495
5455,11,1458,174,1668,465
5456,7,1248,198,1494,495
5456,11,1458,174,1668,465
5457,7,1242,195,1494,489
5457,11,1464,174,1674,468
5458,7,1242,195,1494,489
5458,11,1464,174,1674,468
5459,11,1461,174,1683,471
5459,7,1248,198,1494,498
5460,7,1248,198,1494,498
5460,11,1461,174,1683,471
5461,7,1248,192,1488,516
5461,11,1458,168,1677,468
5462,11,1458,168,1677,468
5462,7,1248,192,1488,516
5463,11,1458,168,1671,471
5463,7,1251,198,1488,504
5464,7,1251,198,1488,504
5464,11,1458,168,1671,471
5465,7,1251,195,1494,516
5465,11,1461,168,1668,474
5466,7,1251,195,1494,516
5466,11,1461,168,1668,474
5467,7,1251,195,1494,513
5467,11,1461,168,1689,474
5468,11,1461,168,1689,474
5468,7,1251,195,1494,513
5469,7,1248,192,1494,507
5469,11,1464,171,1671,462
5470,7,1248,192,1494,507
5470,11,1464,171,1671,462
5471,7,1248,195,1494,504
5471,11,1464,174,1671,459
5472,7,1248,195,1494,504
5472,11,1464,174,1671,459
5473,7,1248,201,1494,495
5473,11,1464,174,1668,465
5474,7,1248,201,1494,495
5474,11,1464,174,1668,465
5475,11,1458,174,1698,456
5475,7,1242,195,1494,495
5476,7,1242,195,1494,495
5476,11,1458,174,1698,456
5477,7,1248,195,1497,486
5477,11,1458,174,1686,444
5478,11,1458,174,1686,444
5478,7,1248,195,1497,486
5479,7,1248,195,1485,468
5479,11,1458,174,1677,432
5480,11,1458,174,1677,432
5480,7,1248,195,1485,468
5481,7,1245,198,1485,441
5481,11,1452,183,1698,432
5482,7,1245,198,1485,441
5482,11,1452,183,1698,432
5483,11,1461,192,1707,432
5483,7,1248,201,1485,441
5484,7,1248,201,1485,441
5484,11,1461,192,1707,432
5485,11,1458,195,1704,441
5485,7,1248,198,1476,420
5486,7,1248,198,1476,420
5486,11,1458,195,1704,441
5487,7,1254,192,1482,486
5487,11,1464,183,1737,429
5488,7,1254,192,1482,486
5488,11,1464,183,1737,429
5489,7,1245,195,1485,486
5489,11,1467,186,1767,438
5490,11,1467,186,1767,438
5490,7,1245,195,1485,486
5491,7,1227,186,1497,483
5491,11,1479,198,1761,444
5492,11,1479,198,1761,444
5492,7,1227,186,1497,483
5493,7,1239,198,1488,480
5493,11,1536,219,1803,405
5494,11,1536,219,1803,405
5494,7,1239,198,1488,480
5495,11,1539,216,1827,435
5495,7,1245,201,1494,474
5496,7,1245,201,1494,474
5496,11,1539,216,1827,435
5497,7,1245,204,1491,456
5497,11,1584,210,1863,450
5498,7,1245,204,1491,456
5498,11,1584,210,1863,450
5499,7,1245,204,1488,471
5499,11,1602,252,1854,447
5500,7,1245,204,1488,471
5500,11,1602,252,1854,447
5501,11,1623,213,1869,441
5501,7,1245,201,1488,474
5502,7,1245,201,1488,474
5502,11,1623,213,1869,441
5503,7,1245,201,1485,468
5503,11,1623,246,1893,447
5504,11,1623,246,1893,447
5504,7,1245,201,1485,468
5505,7,1245,204,1491,468
5505,11,1635,207,1848,453
5506,11,1635,207,1848,453
5506,7,1245,204,1491,468
5507,11,1632,204,1851,471
5507,7,1245,198,1491,471
5508,7,1245,198,1491,471
5508,11,1632,204,1851,471
5509,11,1632,198,1833,471
5509,7,1242,201,1488,453
5510,7,1242,201,1488,453
5510,11,1632,198,1833,471
5511,11,1632,198,1833,471
5511,7,1239,198,1485,447
5512,11,1632,198,1833,471
5512,7,1239,198,1485,447
5513,7,1236,201,1479,432
5513,11,1632,198,1833,471
5514,7,1236,201,1479,432
5514,11,1632,198,1833,471
5515,7,1224,198,1473,453
5515,11,1632,198,1833,471
5516,11,1632,198,1833,471
5516,7,1224,198,1473,453
5517,7,1236,201,1470,423
5517,11,1632,198,1833,471
5518,11,1632,198,1833,471
5518,7,1236,201,1470,423
5519,7,1239,201,1473,447
5519,11,1632,198,1833,471
5520,11,1632,198,1833,471
5520,7,1239,201,1473,447
5521,11,1632,198,1833,471
5521,7,1239,204,1473,432
5522,11,1632,198,1833,471
5522,7,1239,204,1473,432
5523,7,1242,201,1470,420
5523,11,1632,198,1833,471
5524,11,1632,198,1833,471
5524,7,1242,201,1470,420
5525,7,1236,198,1467,480
5525,11,1632,198,1833,471
5526,11,1632,198,1833,471
5526,7,1236,198,1467,480
5527,11,1632,198,1833,471
5527,7,1239,201,1470,429
5528,7,1239,201,1470,429
5528,11,1632,198,1833,471
5529,7,1233,198,1476,444
5530,7,1233,198,1476,444
5531,7,1236,201,1482,453
5532,7,1236,201,1482,453
5533,7,1236,204,1482,471
5534,7,1236,204,1482,471
5535,7,1236,204,1482,471
5536,7,1236,204,1482,471
5537,7,1236,204,1482,471
5538,7,1236,204,1482,471
5539,7,1236,204,1482,471
5540,7,1236,204,1482,471
5541,7,1236,204,1482,471
5542,7,1236,204,1482,471
5543,7,1230,201,1464,498
5544,7,1230,201,1464,498
5545,7,1227,201,1464,483
5546,7,1227,201,1464,483
5547,7,1230,204,1470,489
5548,7,1230,204,1470,489
5549,7,1227,204,1473,465
5550,7,1227,204,1473,465
5551,7,1239,204,1488,486
5552,7,1239,204,1488,486
5553,7,1236,198,1485,516
5554,7,1236,198,1485,516
5555,7,1233,195,1503,516
5556,7,1233,195,1503,516
5557,7,1239,198,1482,519
5558,7,1239,198,1482,519
5559,7,1233,195,1488,558
5560,7,1233,195,1488,558
5561,7,1233,195,1488,558
5562,7,1233,195,1488,558
5563,7,1236,204,1479,594
5564,7,1236,204,1479,594
5565,7,1236,216,1494,591
5566,7,1236,216,1494,591
5567,7,1239,198,1494,588
5568,7,1239,198,1494,588
5569,7,1239,198,1494,588
5570,7,1239,198,1494,588
5571,7,1239,198,1494,588
5572,7,1239,198,1494,588
5573,7,1239,198,1494,588
5574,7,1239,198,1494,588
5575,7,1239,198,1494,588
5576,7,1239,198,1494,588
5577,7,1254,198,1476,501
5578,7,1254,198,1476,501
5579,7,1254,198,1476,501
5580,7,1254,198,1476,501
5581,7,1254,198,1476,501
5582,7,1254,198,1476,501
5583,7,1254,198,1476,501
5584,7,1254,198,1476,501
5585,7,1254,198,1476,501
5586,7,1254,198,1476,501
5587,7,1254,198,1476,501
5588,7,1254,198,1476,501
5589,7,1254,198,1476,501
5590,7,1254,198,1476,501
5591,7,1254,198,1476,501
5592,7,1254,198,1476,501
5593,7,1254,198,1476,501
5594,7,1254,198,1476,501
5595,7,1242,156,1503,495
5596,7,1242,156,1503,495
5597,7,1242,156,1503,495
5598,7,1242,156,1503,495
5599,7,1242,156,1503,495
5600,7,1242,156,1503,495
5601,7,1242,156,1503,495
5602,7,1242,156,1503,495
5603,7,1242,156,1503,495
5604,7,1242,156,1503,495
5605,7,1242,156,1503,495
5606,7,1242,156,1503,495
5607,7,1242,156,1503,495
5608,7,1242,156,1503,495
5609,7,1251,198,1485,468
5610,7,1251,198,1485,468
5611,7,1254,189,1473,471
5612,7,1254,189,1473,471
5613,7,1254,189,1473,471
5614,7,1254,189,1473,471
5615,7,1254,189,1473,471
5616,7,1254,189,1473,471
5617,7,1254,189,1473,471
5618,7,1254,189,1473,471
5619,7,1233,177,1461,471
5620,7,1233,177,1461,471
5621,7,1224,195,1461,465
5622,7,1224,195,1461,465
5623,7,1224,195,1449,456
5624,7,1224,195,1449,456
5625,7,1212,192,1437,459
5626,7,1212,192,1437,459
5627,7,1212,192,1437,459
5628,7,1212,192,1437,459
5629,7,1212,192,1437,459
5630,7,1212,192,1437,459
5631,7,1212,192,1437,459
5632,7,1212,192,1437,459
5633,7,1212,192,1437,459
5634,7,1212,192,1437,459
5635,7,1212,192,1437,459
5636,7,1212,192,1437,459
5637,7,1212,192,1437,459
5638,7,1212,192,1437,459
5639,7,1212,192,1437,459
5640,7,1212,192,1437,459
5641,7,1212,192,1437,459
5642,7,1212,192,1437,459
5643,7,1212,192,1437,459
5644,7,1212,192,1437,459
6153,16,1188,213,1425,516
6154,16,1188,213,1425,516
6155,16,1176,213,1413,513
6156,16,1176,213,1413,513
6157,16,1164,222,1428,525
6158,16,1164,222,1428,525
6159,16,1158,213,1401,519
6160,16,1158,213,1401,519
6161,16,1143,207,1392,507
6162,16,1143,207,1392,507
6163,16,1134,207,1380,501
6164,16,1134,207,1380,501
6165,16,1128,204,1374,495
6166,16,1128,204,1374,495
6167,16,1122,198,1362,492
6168,16,1122,198,1362,492
6169,16,1113,189,1350,492
6170,16,1113,189,1350,492
6171,16,1116,192,1344,480
6172,16,1116,192,1344,480
6173,16,1119,189,1341,477
6174,16,1119,189,1341,477
6175,16,1119,189,1341,480
6176,16,1119,189,1341,480
6177,16,1119,186,1341,477
6178,16,1119,186,1341,477
6179,16,1119,186,1341,468
6180,16,1119,186,1341,468
6181,16,1122,186,1347,474
6182,16,1122,186,1347,474
6183,16,1122,186,1344,474
6184,16,1122,186,1344,474
6185,16,1122,186,1344,474
6186,16,1122,186,1344,474
6187,16,1122,186,1347,477
6188,16,1122,186,1347,477
6189,16,1119,186,1338,474
6190,16,1119,186,1338,474
6191,16,1116,189,1335,474
6192,16,1116,189,1335,474
6193,16,1116,192,1329,474
6194,16,1116,192,1329,474
6195,16,1122,192,1338,477
6196,16,1122,192,1338,477
6197,16,1119,186,1335,483
6198,16,1119,186,1335,483
6199,16,1125,192,1338,483
6200,16,1125,192,1338,483
6201,16,1119,189,1341,480
6202,16,1119,189,1341,480
6203,16,1122,189,1338,477
6204,16,1122,189,1338,477
6205,16,1113,186,1344,486
6206,16,1113,186,1344,486
6207,16,1107,186,1344,486
6208,16,1107,186,1344,486
6209,16,1107,189,1344,483
6210,16,1107,189,1344,483
6211,16,1119,195,1335,486
6212,16,1119,195,1335,486
6213,16,1119,195,1332,480
6214,16,1119,195,1332,480
6215,16,1119,189,1347,483
6216,16,1119,189,1347,483
6217,16,1119,189,1338,477
6218,16,1119,189,1338,477
6219,16,1119,192,1335,480
6220,16,1119,192,1335,480
6221,16,1119,192,1335,480
6222,16,1119,192,1335,480
6223,16,1119,192,1335,480
6224,16,1119,192,1335,480
6225,16,1119,192,1335,480
6226,16,1119,192,1335,480
6227,16,1119,192,1335,480
6228,16,1119,192,1335,480
6229,16,1119,192,1335,480
6230,16,1119,192,1335,480
6231,16,1119,192,1335,480
6232,16,1119,192,1335,480
6233,16,1119,192,1335,480
6234,16,1119,192,1335,480
6235,16,1119,192,1335,480
6236,16,1119,192,1335,480
6237,16,1119,192,1335,480
6238,16,1119,192,1335,480
6573,17,1428,183,1665,453
6574,17,1428,183,1665,453
6575,17,1428,186,1662,447
6576,17,1428,186,1662,447
6577,17,1428,183,1662,447
6578,17,1428,183,1662,447
6579,17,1431,186,1665,450
6580,17,1431,186,1665,450
6581,17,1431,183,1665,453
6582,17,1431,183,1665,453
6583,17,1437,183,1668,453
6584,17,1437,183,1668,453
6585,17,1437,183,1668,453
6586,17,1437,183,1668,453
6587,17,1437,183,1665,456
6588,17,1437,183,1665,456
6589,17,1434,186,1668,450
6590,17,1434,186,1668,450
6591,17,1434,186,1668,450
6592,17,1434,186,1668,450
6593,17,1431,183,1668,450
6594,17,1431,183,1668,450
6595,17,1434,186,1662,447
6596,17,1434,186,1662,447
6597,17,1434,186,1662,447
6598,17,1434,186,1662,447
6599,17,1431,186,1662,450
6600,17,1431,186,1662,450
6601,17,1431,186,1665,447
6602,17,1431,186,1665,447
6603,17,1431,186,1662,450
6604,17,1431,186,1662,450
6605,17,1431,186,1659,450
6606,17,1431,186,1659,450
6607,17,1431,186,1659,450
6608,17,1431,186,1659,450
6609,17,1428,183,1659,447
6610,17,1428,183,1659,447
6611,17,1428,186,1659,450
6612,17,1428,186,1659,450
6613,17,1428,180,1653,450
6614,17,1428,180,1653,450
6615,17,1431,183,1653,444
6616,17,1431,183,1653,444
6617,17,1431,183,1647,447
6618,17,1431,183,1647,447
6619,17,1431,186,1644,447
6620,17,1431,186,1644,447
6621,17,1431,183,1662,453
6622,17,1431,183,1662,453
6623,17,1440,183,1662,462
6624,17,1440,183,1662,462
6625,17,1437,183,1662,459
6626,17,1437,183,1662,459
6627,17,1431,180,1644,468
6628,17,1431,180,1644,468
6629,17,1428,180,1659,468
6630,17,1428,180,1659,468
6631,17,1431,186,1662,462
6632,17,1431,186,1662,462
6633,17,1425,177,1659,477
6634,17,1425,177,1659,477
6635,17,1425,180,1656,471
6636,17,1425,180,1656,471
6637,17,1419,177,1659,462
6638,17,1419,177,1659,462
6639,17,1437,177,1641,468
6640,17,1437,177,1641,468
6641,17,1437,177,1653,459
6642,17,1437,177,1653,459
6643,17,1434,174,1656,447
6644,17,1434,174,1656,447
6645,17,1443,183,1659,453
6646,17,1443,183,1659,453
6647,17,1437,177,1644,450
6648,17,1437,177,1644,450
6649,17,1449,177,1656,471
6650,17,1449,177,1656,471
6651,17,1449,177,1656,471
6652,17,1449,177,1656,471
6653,17,1449,177,1656,471
6654,17,1449,177,1656,471
6655,17,1449,177,1656,471
6656,17,1449,177,1656,471
6657,17,1449,177,1656,471
6658,17,1449,177,1656,471
6659,17,1449,177,1656,471
6660,17,1449,177,1656,471
6661,17,1449,177,1656,471
6662,17,1449,177,1656,471
6663,17,1449,177,1656,471
6664,17,1449,177,1656,471
6665,17,1449,177,1656,471
6666,17,1449,177,1656,471
6667,17,1449,177,1656,471
6668,17,1449,177,1656,471
7953,19,1419,216,1638,489
7954,19,1419,216,1638,489
7955,19,1419,213,1638,489
7956,19,1419,213,1638,489
7957,19,1422,216,1635,489
7958,19,1422,216,1635,489
7959,19,1422,213,1644,489
7960,19,1422,213,1644,489
7961,19,1413,213,1641,486
7962,19,1413,213,1641,486
7963,19,1413,216,1638,486
7964,19,1413,216,1638,486
7965,19,1416,216,1629,486
7966,19,1416,216,1629,486
7967,19,1416,216,1632,489
7968,19,1416,216,1632,489
7969,19,1413,213,1632,489
7970,19,1413,213,1632,489
7971,19,1410,210,1632,489
7972,19,1410,210,1632,489
7973,19,1413,213,1632,486
7974,19,1413,213,1632,486
7975,19,1413,213,1629,486
7976,19,1413,213,1629,486
7977,19,1416,210,1629,486
7978,19,1416,210,1629,486
7979,19,1416,210,1629,489
7980,19,1416,210,1629,489
7981,19,1413,210,1632,486
7982,19,1413,210,1632,486
7983,19,1416,210,1629,486
7984,19,1416,210,1629,486
7985,19,1416,210,1632,486
7986,19,1416,210,1632,486
7987,19,1416,213,1632,486
7988,19,1416,213,1632,486
7989,19,1416,207,1635,489
7990,19,1416,207,1635,489
7991,19,1413,210,1635,489
7992,19,1413,210,1635,489
7993,19,1413,210,1632,486
7994,19,1413,210,1632,486
7995,19,1416,210,1632,486
7996,19,1416,210,1632,486
7997,19,1416,210,1635,489
7998,19,1416,210,1635,489
7999,19,1416,207,1635,489
8000,19,1416,207,1635,489
8001,19,1422,207,1632,486
8002,19,1422,207,1632,486
8003,19,1422,210,1632,486
8004,19,1422,210,1632,486
8005,19,1419,210,1632,486
8006,19,1419,210,1632,486
8007,19,1419,213,1635,486
8008,19,1419,213,1635,486
8009,19,1419,213,1638,486
8010,19,1419,213,1638,486
8011,19,1422,213,1638,486
8012,19,1422,213,1638,486
8013,19,1419,213,1635,486
8014,19,1419,213,1635,486
8015,19,1419,210,1638,486
8016,19,1419,210,1638,486
8017,19,1419,210,1638,486
8018,19,1419,210,1638,486
8019,19,1416,210,1635,486
8020,19,1416,210,1635,486
8021,19,1422,210,1635,486
8022,19,1422,210,1635,486
8023,19,1422,213,1635,483
8024,19,1422,213,1635,483
8025,19,1419,213,1635,486
8026,19,1419,213,1635,486
8027,19,1422,213,1638,486
8028,19,1422,213,1638,486
8029,19,1422,213,1638,483
8030,19,1422,213,1638,483
8031,19,1425,213,1638,486
8032,19,1425,213,1638,486
8033,19,1425,213,1638,483
8034,19,1425,213,1638,483
8035,19,1422,213,1635,483
8036,19,1422,213,1635,483
8037,19,1422,213,1638,486
8038,19,1422,213,1638,486
8039,19,1419,213,1638,486
8040,19,1419,213,1638,486
8041,19,1422,213,1635,483
8042,19,1422,213,1635,483
8043,19,1428,213,1635,486
8044,19,1428,213,1635,486
8045,19,1419,213,1638,486
8046,19,1419,213,1638,486
8047,19,1425,213,1635,486
8048,19,1425,213,1635,486
8049,19,1419,213,1635,486
8050,19,1419,213,1635,486
8051,19,1416,210,1635,486
8052,19,1416,210,1635,486
8053,19,1416,213,1635,483
8054,19,1416,213,1635,483
8055,19,1419,213,1632,483
8056,19,1419,213,1632,483
8057,19,1419,213,1635,483
8058,19,1419,213,1635,483
8059,19,1419,213,1635,486
8060,19,1419,213,1635,486
8061,19,1419,213,1635,486
8062,19,1419,213,1635,486
8063,19,1419,213,1635,483
8064,19,1419,213,1635,483
8065,19,1422,213,1638,483
8066,19,1422,213,1638,483
8067,19,1416,213,1635,483
8068,19,1416,213,1635,483
8069,19,1422,213,1632,483
8070,19,1422,213,1632,483
8071,19,1422,210,1635,483
8072,19,1422,210,1635,483
8073,19,1419,210,1632,483
8074,19,1419,210,1632,483
8075,19,1422,213,1626,483
8076,19,1422,213,1626,483
8077,19,1419,210,1629,483
8078,19,1419,210,1629,483
8079,19,1416,210,1632,486
8080,19,1416,210,1632,486
8081,19,1416,213,1635,486
8082,19,1416,213,1635,486
8083,19,1419,213,1632,486
8084,19,1419,213,1632,486
8085,19,1416,213,1632,486
8086,19,1416,213,1632,486
8087,19,1416,213,1632,486
8088,19,1416,213,1632,486
8089,19,1416,213,1635,486
8090,19,1416,213,1635,486
8091,19,1416,213,1629,486
8092,19,1416,213,1629,486
8093,19,1416,213,1629,486
8094,19,1416,213,1629,486
8095,19,1419,213,1629,486
8096,19,1419,213,1629,486
8097,19,1416,213,1632,486
8098,19,1416,213,1632,486
8099,19,1419,210,1632,486
8100,19,1419,210,1632,486
8101,19,1419,210,1632,486
8102,19,1419,210,1632,486
8103,19,1419,213,1632,486
8104,19,1419,213,1632,486
8105,19,1419,213,1629,486
8106,19,1419,213,1629,486
8107,19,1422,213,1632,486
8108,19,1422,213,1632,486
8109,19,1419,213,1629,483
8110,19,1419,213,1629,483
8111,19,1419,216,1626,483
8112,19,1419,216,1626,483
8113,19,1422,213,1629,483
8114,19,1422,213,1629,483
8115,19,1419,216,1629,486
8116,19,1419,216,1629,486
8117,19,1419,216,1626,486
8118,19,1419,216,1626,486
8119,19,1422,216,1632,486
8120,19,1422,216,1632,486
8121,19,1419,216,1635,486
8122,19,1419,216,1635,486
8123,19,1419,213,1629,486
8124,19,1419,213,1629,486
8125,19,1419,213,1629,486
8126,19,1419,213,1629,486
8127,19,1419,213,1629,483
8128,19,1419,213,1629,483
8129,19,1416,213,1629,483
8130,19,1416,213,1629,483
8131,19,1416,213,1632,486
8132,19,1416,213,1632,486
8133,19,1416,213,1629,486
8134,19,1416,213,1629,486
8135,19,1416,213,1629,486
8136,19,1416,213,1629,486
8137,19,1419,213,1629,486
8138,19,1419,213,1629,486
8139,19,1419,213,1632,486
8140,19,1419,213,1632,486
8141,19,1422,213,1629,486
8142,19,1422,213,1629,486
8143,19,1416,216,1632,489
8144,19,1416,216,1632,489
8145,19,1413,216,1629,489
8146,19,1413,216,1629,489
8147,19,1413,213,1632,492
8148,19,1413,213,1632,492
8149,19,1413,216,1629,489
8150,19,1413,216,1629,489
8151,19,1413,213,1632,489
8152,19,1413,213,1632,489
8153,19,1413,213,1641,486
8154,19,1413,213,1641,486
8155,19,1410,213,1635,489
8156,19,1410,213,1635,489
8157,19,1410,213,1629,489
8158,19,1410,213,1629,489
8159,19,1413,213,1629,489
8160,19,1413,213,1629,489
8161,19,1413,213,1629,489
8162,19,1413,213,1629,489
8163,19,1410,213,1629,489
8164,19,1410,213,1629,489
8165,19,1410,213,1626,489
8166,19,1410,213,1626,489
8167,19,1407,216,1632,489
8168,19,1407,216,1632,489
8169,19,1407,216,1638,486
8170,19,1407,216,1638,486
8171,19,1410,216,1644,489
8172,19,1410,216,1644,489
8173,19,1413,219,1638,486
8174,19,1413,219,1638,486
8175,19,1413,216,1638,483
8176,19,1413,216,1638,483
8177,19,1419,216,1632,483
8178,19,1419,216,1632,483
8179,19,1419,219,1632,486
8180,19,1419,219,1632,486
8181,19,1422,216,1638,483
8182,19,1422,216,1638,483
8183,19,1410,216,1632,483
8184,19,1410,216,1632,483
8185,19,1410,216,1617,483
8186,19,1410,216,1617,483
8187,19,1407,219,1608,483
8188,19,1407,219,1608,483
8189,19,1395,216,1599,489
8190,19,1395,216,1599,489
8191,19,1362,213,1587,486
8192,19,1362,213,1587,486
8193,19,1350,216,1575,489
8194,19,1350,216,1575,489
8195,19,1344,216,1551,486
8196,19,1344,216,1551,486
8197,19,1314,213,1542,486
8198,19,1314,213,1542,486
8199,19,1311,213,1533,486
8200,19,1311,213,1533,486
8201,19,1296,213,1509,483
8202,19,1296,213,1509,483
8203,19,1269,210,1497,486
8204,19,1269,210,1497,486
8205,19,1257,210,1482,486
8206,19,1257,210,1482,486
8207,19,1230,210,1470,486
8208,19,1230,210,1470,486
8209,19,1218,210,1458,492
8210,19,1218,210,1458,492
8211,19,1206,210,1440,492
8212,19,1206,210,1440,492
8213,19,1182,213,1422,492
8214,19,1182,213,1422,492
8215,19,1170,213,1413,495
8216,19,1170,213,1413,495
8217,19,1158,210,1389,492
8218,19,1158,210,1389,492
8219,19,1128,213,1368,495
8220,19,1128,213,1368,495
8221,19,1119,213,1362,495
8222,19,1119,213,1362,495
8223,19,1107,210,1347,495
8224,19,1107,210,1347,495
8225,19,1089,210,1332,498
8226,19,1089,210,1332,498
8227,19,1077,210,1320,498
8228,19,1077,210,1320,498
8229,19,1071,213,1308,501
8230,19,1071,213,1308,501
8231,19,1059,213,1296,492
8232,19,1059,213,1296,492
8233,19,1053,216,1293,495
8234,19,1053,216,1293,495
8235,19,1044,210,1275,495
8236,19,1044,210,1275,495
8237,19,1032,207,1272,504
8238,19,1032,207,1272,504
8239,19,1011,204,1266,507
8240,19,1011,204,1266,507
8241,19,990,201,1260,504
8242,19,990,201,1260,504
8243,19,972,198,1245,513
8244,19,972,198,1245,513
8245,19,957,195,1227,519
8246,19,957,195,1227,519
8247,19,951,198,1221,516
8248,19,951,198,1221,516
8249,19,942,198,1221,507
8250,19,942,198,1221,507
8251,19,936,198,1215,507
8252,19,936,198,1215,507
8253,19,933,201,1206,507
8254,19,933,201,1206,507
8255,19,936,201,1206,504
8256,19,936,201,1206,504
8257,19,936,198,1206,504
8258,19,936,198,1206,504
8259,19,939,198,1203,504
8260,19,939,198,1203,504
8261,19,939,198,1200,501
8262,19,939,198,1200,501
8263,19,936,201,1200,504
8264,19,936,201,1200,504
8265,19,936,201,1200,504
8266,19,936,201,1200,504
8267,19,936,201,1203,501
8268,19,936,201,1203,501
8269,19,933,195,1200,498
8270,19,933,195,1200,498
8271,19,936,195,1200,504
8272,19,936,195,1200,504
8273,19,936,198,1200,498
8274,19,936,198,1200,498
8275,19,939,198,1197,501
8276,19,939,198,1197,501
8277,19,936,198,1200,501
8278,19,936,198,1200,501
8279,19,936,195,1197,504
8280,19,936,195,1197,504
8281,19,930,198,1200,504
8282,19,930,198,1200,504
8283,19,936,201,1197,504
8284,19,936,201,1197,504
8285,19,933,201,1197,501
8286,19,933,201,1197,501
8287,19,933,201,1200,501
8288,19,933,201,1200,501
8289,19,933,198,1197,501
8290,19,933,198,1197,501
8291,19,936,198,1200,498
8292,19,936,198,1200,498
8293,19,933,198,1200,501
8294,19,933,198,1200,501
8295,19,936,198,1200,498
8296,19,936,198,1200,498
8297,19,936,201,1197,501
8298,19,936,201,1197,501
8299,19,933,195,1200,495
8300,19,933,195,1200,495
8301,19,933,198,1200,495
8302,19,933,198,1200,495
8303,19,936,198,1197,495
8304,19,936,198,1197,495
8305,19,930,195,1197,495
8306,19,930,195,1197,495
8307,19,930,195,1200,495
8308,19,930,195,1200,495
8309,19,936,198,1197,498
8310,19,936,198,1197,498
8311,19,933,198,1197,498
8312,19,933,198,1197,498
8313,19,936,198,1197,501
8314,19,936,198,1197,501
8315,19,936,198,1197,498
8316,19,936,198,1197,498
8317,19,936,201,1200,501
8318,19,936,201,1200,501
8319,19,936,198,1200,498
8320,19,936,198,1200,498
8321,19,936,201,1197,498
8322,19,936,201,1197,498
8323,19,936,201,1200,498
8324,19,936,201,1200,498
8325,19,936,201,1197,498
8326,19,936,201,1197,498
8327,19,936,201,1200,498
8328,19,936,201,1200,498
8329,19,933,198,1197,495
8330,19,933,198,1197,495
8331,19,933,198,1200,498
8332,19,933,198,1200,498
8333,19,936,204,1200,498
8334,19,936,204,1200,498
8335,19,936,201,1200,498
8336,19,936,201,1200,498
8337,19,936,201,1197,498
8338,19,936,201,1197,498
8339,19,933,201,1200,498
8340,19,933,201,1200,498
8341,19,936,198,1200,498
8342,19,936,198,1200,498
8343,19,936,198,1200,498
8344,19,936,198,1200,498
8345,19,930,195,1200,498
8346,19,930,195,1200,498
8347,19,933,201,1200,498
8348,19,933,201,1200,498
8349,19,936,198,1200,498
8350,19,936,198,1200,498
8351,19,936,198,1197,495
8352,19,936,198,1197,495
8353,19,936,201,1200,501
8354,19,936,201,1200,501
8355,19,936,204,1200,498
8356,19,936,204,1200,498
8357,19,936,201,1200,498
8358,19,936,201,1200,498
8359,19,936,201,1200,498
8360,19,936,201,1200,498
8361,19,936,201,1197,501
8362,19,936,201,1197,501
8363,19,936,201,1200,498
8364,19,936,201,1200,498
8365,19,936,201,1197,495
8366,19,936,201,1197,495
8367,19,936,198,1197,498
8368,19,936,198,1197,498
8369,19,936,198,1200,498
8370,19,936,198,1200,498
8371,19,936,198,1200,498
8372,19,936,198,1200,498
8373,19,936,198,1197,498
8374,19,936,198,1197,498
8375,19,936,198,1197,498
8376,19,936,198,1197,498
8377,19,933,198,1197,498
8378,19,933,198,1197,498
8379,19,933,198,1197,495
8380,19,933,198,1197,495
8381,19,933,195,1197,498
8382,19,933,195,1197,498
8383,19,933,198,1200,498
8384,19,933,198,1200,498
8385,19,936,198,1200,498
8386,19,936,198,1200,498
8387,19,936,198,1200,501
8388,19,936,198,1200,501
8389,19,936,198,1200,498
8390,19,936,198,1200,498
8391,19,936,198,1197,495
8392,19,936,198,1197,495
8393,19,936,201,1200,498
8394,19,936,201,1200,498
8395,19,936,201,1200,498
8396,19,936,201,1200,498
8397,19,936,198,1197,498
8398,19,936,198,1197,498
8399,19,939,195,1200,495
8400,19,939,195,1200,495
8401,19,936,198,1197,498
8402,19,936,198,1197,498
8403,19,936,201,1203,498
8404,19,936,201,1203,498
8405,19,936,198,1197,498
8406,19,936,198,1197,498
8407,19,936,198,1200,498
8408,19,936,198,1200,498
8409,19,939,195,1197,498
8410,19,939,195,1197,498
8411,19,936,201,1200,498
8412,19,936,201,1200,498
8413,19,936,198,1200,498
8414,19,936,198,1200,498
8415,19,939,195,1200,501
8416,19,939,195,1200,501
8417,19,939,195,1197,498
8418,19,939,195,1197,498
8419,19,933,195,1197,495
8420,19,933,195,1197,495
8421,19,936,198,1200,498
8422,19,936,198,1200,498
8423,19,939,198,1197,498
8424,19,939,198,1197,498
8425,19,939,198,1197,498
8426,19,939,198,1197,498
8427,19,939,198,1197,498
8428,19,939,198,1197,498
8429,19,936,198,1197,498
8430,19,936,198,1197,498
8431,19,939,198,1197,498
8432,19,939,198,1197,498
8433,19,936,198,1197,501
8434,19,936,198,1197,501
8435,19,936,198,1200,501
8436,19,936,198,1200,501
8437,19,936,198,1200,498
8438,19,936,198,1200,498
8439,19,936,198,1197,498
8440,19,936,198,1197,498
8441,19,936,198,1197,498
8442,19,936,198,1197,498
8443,19,936,198,1197,498
8444,19,936,198,1197,498
8445,19,936,198,1197,498
8446,19,936,198,1197,498
8447,19,936,198,1197,498
8448,19,936,198,1197,498
8449,19,936,198,1197,498
8450,19,936,198,1197,498
8451,19,936,201,1197,498
8452,19,936,201,1197,498
8453,19,936,198,1197,498
8454,19,936,198,1197,498
8455,19,936,195,1197,501
8456,19,936,195,1197,501
8457,19,936,198,1197,501
8458,19,936,198,1197,501
8459,19,936,198,1197,501
8460,19,936,198,1197,501
8461,19,936,198,1197,501
8462,19,936,198,1197,501
8463,19,936,198,1197,501
8464,19,936,198,1197,501
8465,19,936,198,1197,501
8466,19,936,198,1197,501
8467,19,936,201,1197,501
8468,19,936,201,1197,501
8469,19,933,198,1197,498
8470,19,933,198,1197,498
8471,19,936,198,1197,498
8472,19,936,198,1197,498
8473,19,936,201,1200,498
8474,19,936,201,1200,498
8475,19,936,198,1200,498
8476,19,936,198,1200,498
8477,19,936,198,1197,498
8478,19,936,198,1197,498
8479,19,936,198,1200,498
8480,19,936,198,1200,498
8481,19,936,198,1197,498
8482,19,936,198,1197,498
8483,19,936,198,1197,498
8484,19,936,198,1197,498
8485,19,936,198,1200,498
8486,19,936,198,1200,498
8487,19,936,198,1200,498
8488,19,936,198,1200,498
